2.52722793315    
2.12145678608    
1.15186970432    
4.18034400942    
2.7388922724    
-0.00243341090336    
1.9255710127    
-0.235211942945    
2.30994326859    
2.87151159879    
1.20559096893    
1.40390413223    
1.40669013913    
1.47587992589    
1.21312527076    
2.54974341118    
2.50336320924    
3.24415157329    
1.5573384453    
2.07774393486    
2.21539313518    
3.16110612075    
3.15614343472    
0.341036692373    
1.50073660527    
0.62678965614    
3.58741035142    
1.2195273719    
2.87751321513    
2.620075931    
2.02432999681    
2.43926208311    
0.278537863679    
2.68258200185    
2.01991214088    
2.68630932767    
2.31181486151    
1.74869867813    
1.23301136711    
1.9163975103    
3.56648905732    
1.20699529729    
3.35710582496    
0.280896300177    
-0.523348007691    
0.865710150284    
1.55727416059    
3.17292211872    
2.81045489959    
2.31006330561    
0.139218854267    
1.60361079355    
2.54350738997    
2.37213180392    
-0.0171797751303    
2.26098700063    
2.71751080107    
1.76823988385    
2.44717342948    
2.45717635341    
1.55342938435    
0.63606036245    
3.86497691188    
1.10705002144    
1.90696453449    
2.46375604394    
0.541785768336    
1.45120476055    
0.709109194943    
2.90827226708    
2.39308958429    
2.12203999668    
1.11499676717    
0.728233043251    
2.79691108158    
0.99797827359    
2.71877088968    
1.75610580701    
0.941491391497    
1.60813737617    
3.78582736756    
1.45101213684    
3.00422591561    
1.94634525784    
2.69001432486    
2.46696852915    
1.78696643737    
1.98061302639    
2.90372765262    
1.39356696158    
3.30298437092    
1.81406303449    
2.6741048007    
1.16449994191    
1.42863292475    
0.695685068051    
2.05781238258    
0.634858058982    
3.22610085841    
2.16771876022    
1.77576055883    
0.23998855775    
0.765991193971    
-0.136855935707    
2.42278567856    
0.933542812101    
2.78213718049    
3.72165213674    
3.21013031541    
1.70154200324    
2.46929034592    
2.69966915649    
1.03608801289    
0.0531324529211    
1.89756630696    
1.36526177912    
0.261222785888    
2.11338601991    
1.39834593957    
1.34986746426    
1.95736739859    
1.85933851248    
3.10026680671    
2.11388689418    
2.09478525109    
1.41445410063    
1.7319977575    
-0.862060246749    
1.46496600177    
4.15067316566    
0.873527807294    
3.21085009498    
2.93072900561    
4.54840335195    
1.69757449165    
3.06225835756    
3.85118356054    
2.92015216657    
0.849824602836    
1.36628772312    
1.92071284141    
0.179055330145    
1.11919895622    
3.08759361684    
1.98569918657    
2.02427853905    
3.27161212017    
2.28150863892    
1.64912919275    
3.16543076142    
2.29666423249    
1.96996483173    
1.13964681039    
0.815519162675    
2.887473585    
1.93098025896    
2.14925834784    
2.11287330395    
0.859715461776    
2.37119562832    
2.13070833755    
2.3093093414    
3.22502854161    
2.11280560507    
1.93469296207    
3.10882202399    
2.84691815605    
1.31013544473    
1.16177852549    
0.934325322154    
0.81707649151    
4.18625945585    
2.50770466539    
1.50877250043    
2.06452102022    
2.10210388708    
2.75139475697    
0.880121953732    
2.24602409591    
2.4831327521    
2.42672848652    
-0.249562116035    
2.19668544167    
2.21279597339    
3.62481080464    
2.84215746417    
1.94974594871    
3.03360436191    
1.61991582365    
2.43155824843    
2.63970726296    
2.6483285671    
-0.0704916150892    
2.9014540455    
3.08733602262    
2.01814446629    
2.19957582886    
1.62543501304    
1.75298781886    
0.607238788858    
0.907927090691    
2.96901759308    
4.62980414817    
2.1694630412    
3.11224072262    
2.17646606989    
1.93266419966    
1.41161437446    
1.87750015822    
2.81210755972    
1.86771531604    
1.96532719203    
1.33204132054    
2.64574759588    
1.89405370083    
2.31472034847    
2.12043617091    
1.00791650708    
2.12377840545    
3.79140712718    
2.71740143847    
2.48654307706    
1.88931253938    
2.1563480343    
1.01582991489    
1.75802288391    
4.33044763236    
0.783658057758    
2.88466047519    
1.12267512766    
2.60983637908    
3.90203192865    
1.42897642592    
1.42643902443    
1.48624891253    
0.793927677984    
2.52619847507    
1.59926011203    
2.48274690895    
1.46870644054    
0.565655830903    
2.17825367135    
2.19147684916    
2.41527309205    
2.45150378854    
2.84621029444    
1.09230008607    
1.48039652094    
0.833622469695    
1.80515627365    
3.29303270571    
0.801455761399    
3.26802028301    
3.616997542    
2.99209601868    
0.927905626841    
0.978019435634    
0.660070832752    
1.97648953045    
0.833135061716    
0.6901772123    
1.9156204538    
1.201521123    
2.82336194972    
3.9036403641    
1.1595575705    
1.90312541335    
0.183093606818    
2.25644669592    
3.03167952453    
1.36138416452    
0.496314281877    
1.6858940003    
3.66912643935    
2.68740992299    
2.20628956178    
3.99139612968    
2.72208450589    
2.65322217219    
1.49578771703    
2.55144085316    
2.43229147388    
1.55678616724    
0.421295379372    
1.68245879125    
2.38331523814    
0.841926622018    
1.54700604498    
1.76637927391    
3.09617200059    
1.50678952114    
1.74019131528    
2.45460846488    
1.07634985833    
1.38946570176    
2.72341239577    
2.46660003376    
1.25454342178    
1.34729607874    
3.75459089049    
0.621302902846    
0.587622379546    
1.78478587151    
2.67209168932    
1.87449353244    
4.61768963347    
0.985574644153    
2.35343260001    
3.07662225012    
3.10137153652    
1.92246075623    
3.24450249941    
2.59826227544    
-0.232170983623    
2.56965338616    
1.30713682523    
2.21326882222    
-0.849538002615    
1.77610296564    
1.28058098932    
1.92395354297    
1.67296385263    
2.54046665281    
1.01667651571    
2.26754782775    
1.97851426242    
2.20335275508    
2.14848859988    
4.14126688363    
0.594253443048    
0.358108677267    
1.54944503245    
2.13060217706    
2.15938920191    
2.51305503146    
0.60110965527    
1.08046102734    
2.03998094831    
4.14671573046    
2.90580099815    
1.69447803442    
0.320130284632    
2.31040390533    
1.90447636022    
3.75268538092    
1.61089468268    
-0.246755213693    
3.75265037627    
3.45026882186    
2.756294886    
1.2065202276    
2.72835987672    
4.78443026773    
2.26429335599    
1.31765810901    
2.15106480216    
2.68508604138    
3.27149174658    
3.07421923582    
2.24596796498    
2.47470998587    
-0.303856628798    
1.53317296293    
2.35048558132    
1.37642773644    
3.02453718314    
1.79675666655    
2.24962023017    
1.50930371987    
1.66065872481    
2.19027309919    
1.52586346956    
1.2392472529    
1.34606896087    
2.01270522115    
2.47686820936    
0.819277243096    
3.3297785531    
1.99819788955    
-0.468112944815    
2.94170897617    
1.75976876259    
0.470695084962    
1.94998578086    
2.40289855605    
1.30923637666    
0.902040734181    
2.22411577831    
3.08829380634    
2.03272397558    
2.8030944472    
3.37996861341    
2.07071336213    
1.70492208321    
0.192381903847    
2.81012390025    
2.43060564427    
1.78573827214    
4.03779423398    
3.1232497708    
1.08185459486    
3.04143343693    
0.352396545701    
1.99903664445    
2.00515644841    
0.504391958953    
1.38632120568    
2.7933790118    
2.54744793327    
0.635335266999    
0.690510728993    
1.18372339844    
0.478681593459    
3.00345885646    
2.3704351326    
2.47280259694    
3.88446500894    
2.49413775784    
2.86252386881    
2.05198719557    
0.664644980925    
1.9553824385    
1.17540433116    
1.95722476167    
2.0062055016    
2.30108935297    
2.30400092693    
1.0615695443    
0.940855380002    
1.80099768851    
2.0979831225    
2.09767026627    
2.5535356147    
1.01707053092    
1.68024894196    
2.93234042547    
3.42787107891    
0.887126725959    
1.52220815745    
2.04133093079    
1.598835478    
2.56909347044    
0.791537581235    
2.36005469863    
0.170562381032    
3.80878576339    
1.29985102149    
2.37897677588    
2.07256936981    
2.29701954893    
1.89981679501    
3.81249284386    
1.72626347392    
3.08559561907    
3.97332534931    
0.128914571359    
2.31992527972    
2.21081647793    
2.15388504371    
1.65898801614    
2.41937964834    
1.63707262189    
2.50424123629    
1.66762243603    
4.69537259262    
1.48061438058    
1.93222359566    
1.61487852172    
-0.732830015573    
1.26324306418    
1.08901735146    
2.18165079285    
1.78896619756    
2.23121282947    
1.76033674756    
1.4551613304    
0.592353614853    
1.82924165109    
4.02572977966    
2.01175084936    
3.27872635275    
3.96116872408    
1.81190201953    
4.28537980154    
1.47675880557    
0.561460282125    
3.68971294723    
2.28172356601    
2.70743855432    
2.77606533742    
1.97748565166    
1.65585957684    
0.798866862339    
1.15207015816    
1.48957302047    
2.36119401517    
1.64239839081    
1.56154668739    
0.727601058469    
1.952401938    
0.678533433779    
-0.272115180466    
1.23782959716    
2.85449399574    
3.56414784928    
0.853209068174    
2.67523153914    
1.33531545969    
2.06510744348    
0.63751736308    
2.63105352412    
0.239572233661    
1.13657544846    
1.66851028151    
2.27755223845    
1.34173594937    
0.745857380967    
2.72860665913    
1.14611808958    
2.91608511289    
2.75559490968    
2.83025785551    
2.88769925119    
2.20072495569    
3.33678888327    
0.498403882923    
1.74404467738    
3.93750257918    
4.813502077    
5.17656578786    
1.68397692368    
3.34138658923    
2.34870257602    
1.49206622183    
0.889095306238    
3.22371381023    
1.74967268468    
3.28831718297    
2.095370669    
2.18397086141    
0.535811082779    
4.11815121685    
2.94624064961    
2.00872929148    
1.95476336775    
6.19902700844    
2.64320504291    
1.353675548    
1.20793350312    
1.82932517842    
2.43127727112    
2.1489040604    
1.13194957518    
2.10960859622    
0.318553309396    
1.06304788256    
2.20710978081    
1.8136598319    
1.89512929176    
4.53703921103    
1.60629215634    
-0.763666294268    
2.42113226903    
2.48829380551    
3.18410413989    
2.9253292151    
1.04792388465    
1.08721613612    
1.54342295628    
1.69433255491    
2.21396754678    
0.239282929068    
3.28894562521    
-0.346425832603    
3.14882432026    
2.78223313095    
3.09017876233    
2.18195206262    
3.3870095222    
2.23637339794    
1.28872398472    
3.01912317106    
2.69168979731    
1.21960972231    
-0.403998839994    
1.87894766657    
0.979780672784    
2.33330098336    
1.28310541989    
2.56039261879    
2.04056743278    
3.0158248902    
1.70667656879    
3.18090295769    
1.95972627828    
3.34774371012    
2.73229612633    
1.87339256974    
0.0186123739596    
2.65389011112    
1.7456449268    
1.76995317125    
1.87997934313    
3.6883305709    
3.07874253896    
1.64065870701    
1.48509540011    
-0.355910859954    
1.4554907695    
0.972063668962    
1.76541807383    
1.52478621024    
0.854430145832    
3.56127469533    
1.37369988191    
1.27446417474    
2.16496108637    
1.9122980524    
2.92035483176    
2.38889915787    
0.485803293453    
3.10619188697    
1.04279770728    
2.13516748932    
-0.293234636922    
1.65607363763    
1.67451959438    
2.12150028271    
2.78985007202    
1.10933657821    
2.08510947689    
2.84952717513    
0.496496784236    
2.38379990413    
2.24621132973    
2.19825120038    
1.63633096097    
0.639734941501    
1.53458968652    
-0.422590048506    
3.22338985668    
2.02980085036    
3.02584112825    
1.49405773966    
3.05001233525    
0.572714238677    
1.912433773    
1.62532811892    
3.43103077376    
2.6845111572    
0.658881493044    
1.03792267632    
2.90473666663    
3.93552962387    
0.930293722052    
2.12349014284    
2.27723077157    
3.66772737723    
2.46084640671    
3.31783265307    
1.57597267578    
1.82374565011    
3.16244815886    
3.47082486285    
2.15520907887    
1.37348928489    
2.46652634675    
0.333732648452    
3.29438211905    
3.64109732746    
1.88071415744    
1.25027654274    
1.70952252093    
1.25245165444    
1.36563307165    
2.9292992079    
3.60445733516    
3.45079181589    
3.87194127081    
1.19185646155    
2.58309167968    
1.11401178758    
0.130643168829    
1.90317579685    
2.65703005721    
2.71432078315    
1.89490626774    
1.66318014147    
2.89118879736    
2.10303018127    
1.90991760435    
1.82801253081    
1.65205201203    
2.99281469872    
2.03626783093    
1.43444332256    
3.08320551901    
0.483889813115    
1.98750147268    
2.29958106576    
2.59885991647    
2.43163880039    
1.70240998702    
1.1367262916    
3.08707977567    
1.56699328074    
0.472606071806    
2.60656869131    
4.40340987066    
3.83837684988    
2.31048565104    
1.55047499381    
2.06738724741    
2.7205711421    
1.6489159882    
-0.907690133262    
2.51513824571    
3.33200765277    
2.327759492    
2.63315062861    
2.35075463588    
1.40530364898    
1.31172526933    
2.10368807306    
4.00382806503    
0.884569464177    
3.37316969588    
3.54442428333    
3.73666830216    
2.97645467058    
1.96199672217    
0.987621723976    
3.68901912003    
2.37974981465    
1.11546719352    
-0.593142364749    
2.46433626957    
1.70686418812    
4.46395705027    
1.44459674332    
0.0517447086106    
4.09010737187    
1.6222093831    
2.05503859989    
1.50098898052    
1.88665410815    
2.1912590811    
1.69385139346    
2.24845526786    
2.35629817564    
1.41313544715    
1.72991635097    
2.53459582515    
2.73780103075    
2.75783520616    
0.544300746502    
2.9657291605    
1.26330452737    
2.17904603429    
1.20546355701    
2.78567406817    
2.6064543875    
2.37947855075    
1.13192196041    
2.0597485171    
2.54842389155    
3.43667051265    
1.82943432958    
2.74879704936    
2.78106244518    
1.34275693266    
0.619721031015    
0.0922488714766    
3.2312246077    
0.982416176616    
3.14128558103    
1.62790882696    
2.03390090541    
1.26150097734    
2.89369617176    
2.01508061896    
3.76045639092    
2.58352175379    
1.42807795329    
1.38600643859    
1.97109984633    
2.45639431366    
2.19478049796    
-0.471601268008    
2.0862080565    
2.03295106079    
1.81841552378    
2.1190666215    
0.903554349784    
1.67705144224    
0.702661768645    
3.31670164569    
1.85629448623    
1.44397912697    
1.53532318792    
2.66675596824    
2.45998991996    
1.84465308703    
0.112280145363    
2.13319864868    
4.01987452708    
0.796311484801    
1.03627726685    
2.53764252558    
3.68527528096    
2.61260643105    
1.12851993829    
2.54010290024    
2.57062630492    
2.24610016946    
1.9518900689    
0.168638325267    
0.971878639232    
1.97108634376    
1.38558219365    
1.48973532585    
1.50819115002    
2.00182096106    
0.800843493459    
2.47401586098    
-0.566378773965    
3.54565039755    
2.51520619254    
2.42844513784    
0.567565189334    
2.74916758685    
1.96453522289    
1.99050671482    
1.19738379197    
3.11453782349    
4.4809041894    
1.69350744132    
2.6310078157    
2.76741551609    
2.76953012135    
0.976271338473    
1.77985415263    
3.14245409768    
2.13464548346    
2.09393055151    
2.6138346938    
1.11691295224    
0.975519652675    
3.41625195833    
2.70736926884    
1.26737930446    
3.06976752084    
2.86503644483    
1.41214469085    
1.55419297643    
0.201876377659    
0.81044976607    
0.346492450776    
3.87384328157    
2.11251187765    
0.609517105314    
1.6192542146    
2.165894707    
2.25041625851    
2.53815037065    
2.42300183811    
3.7934346825    
-0.00929232398807    
1.62848919604    
2.42665363128    
1.25620407222    
3.63869485487    
1.30090733833    
1.68592566848    
1.48533067923    
0.944010001646    
2.24690798218    
1.65795153531    
1.82466098658    
3.67383568221    
2.00001068974    
2.37625673032    
3.33198497483    
4.04705999119    
1.72822132419    
1.97943326877    
3.20931214519    
0.601424446729    
1.58458412783    
0.897430746425    
2.80935387131    
2.2927555358    
1.44350944283    
-0.0024935507371    
2.84124546846    
0.915009325743    
0.709907539003    
2.6646160045    
0.744446017981    
2.08128225689    
2.68257063815    
3.41774584047    
2.36320854309    
1.24763407228    
2.95376219241    
1.31435791755    
2.03858734668    
1.27149464241    
2.17162644855    
1.30108171801    
1.78576421378    
4.23928375667    
1.16735629889    
2.64814490138    
0.703583623544    
2.36528803087    
3.65489442053    
0.468079090713    
2.05825586195    
2.57486788321    
2.07705174424    
1.10391768067    
3.68561462751    
2.1317294728    
1.86416025659    
0.674296794249    
0.823460607588    
0.767747385705    
1.82284806187    
3.71990578457    
2.21412957543    
2.0133319995    
2.20244828724    
1.24763879745    
3.20192308962    
2.5781088821    
2.27461200355    
-0.739786013341    
2.75456691498    
3.13127746748    
2.80120717815    
-0.336514977877    
2.13909188678    
2.43423303557    
2.79427206721    
2.2640133541    
4.45852458036    
1.71469326948    
2.22898963743    
1.11513788379    
0.501477579064    
0.834076266165    
2.29389974049    
3.03430269047    
1.16306096892    
1.21307416412    
2.84962160226    
2.00592104344    
3.07046361026    
1.08663108851    
2.88188203894    
2.7693215599    
1.20625851604    
1.94169151885    
2.13261619433    
1.54168985309    
0.678831608035    
2.53812696337    
2.74630981963    
3.22632887466    
2.2233180437    
0.724882910947    
0.24269786203    
0.9287884654    
0.658999615659    
2.28189236651    
1.71555378954    
3.02340740727    
3.46075604171    
2.42709957318    
2.27122288691    
2.67414275037    
3.18011970685    
0.548219059635    
1.8828054143    
2.86659909022    
2.22187862818    
3.4772290202    
1.64817360535    
2.32862151063    
1.98248672727    
3.01625011871    
-0.0493620555248    
2.63275573255    
2.52039822581    
1.8534887103    
1.09768758671    
0.972524890161    
0.799768981646    
2.30674430788    
