mean    std    dist1    
3.47162926873   4.75489273956   4.38416172542    
1.66920547535   1.97494980735   1.30294909966    
0.810914737851   3.32235746884   3.06460384972    
1.26711505063   4.85432472394   4.60868968285    
1.76516317583   3.02881717095   2.20504592186    
-0.988447237871   4.63282558088   5.20356016426    
3.08501051435   2.07712983498   1.54846741087    
-0.548451205486   4.51862931268   4.71162086775    
1.64736461913   1.99644287695   1.33631007353    
1.21504018486   3.78595336802   3.27976798479    
1.00331132045   2.48316969117   2.04776667542    
3.79522032133   4.26853309742   4.08415006324    
1.5327617506   2.97861307599   2.29944145055    
0.865371645586   3.59532032008   3.28174487737    
-0.350034248496   3.25268595112   3.38987433691    
1.90126392312   3.63775862127   2.85991226749    
1.5875290057   3.11722096645   2.51782979112    
-0.912133093791   4.13778100257   4.76062062265    
-1.06221801675   1.59738645633   2.19359242439    
2.08687944004   4.64943421555   3.89750662896    
0.591733880993   0.299483071809   1.39836462673    
1.5982582223   3.2127216606   2.41618705449    
0.109828994031   4.30975613302   4.43157211469    
2.44196940008   4.61895481582   3.92243047612    
-1.21507666663   1.29825175255   1.91184233837    
2.60942926367   0.731491519371   0.50400348404    
1.05032893245   4.31619666935   3.98031429988    
-0.980140617688   1.555167594   2.08684998258    
2.99870646899   0.581463446649   0.855765158224    
0.969675061878   2.45326759037   2.09474520963    
3.65448628794   0.40161260382   1.37436848103    
2.4851351244   4.93899077189   4.15270486082    
2.2087519719   1.60177838955   0.819550206799    
3.69613488257   2.32448290055   2.22202146047    
2.4658624399   1.09975525152   0.327835293581    
0.150874630814   4.0689667727   3.87726289772    
2.92397714608   2.66169717462   2.16406238717    
-1.83409448314   4.30289347998   5.37010005377    
-1.99665904778   1.03590091016   2.03278253681    
2.24392832217   1.0237095162   0.146429748218    
-1.46883209325   2.35912873896   3.12045749051    
2.16692005178   4.19772201582   3.40109969957    
-0.698608591333   2.83940706871   3.26730702036    
2.72275835913   2.83152706967   2.11054755944    
3.22110127654   2.35544937845   1.92461325471    
0.269869477728   4.53578005735   4.55974050992    
-1.08274278478   3.43860556039   4.07553389    
-1.15926483397   2.11716853606   2.7570912615    
-1.72555093241   2.08028136624   3.13605759489    
1.05939774892   3.39836102779   2.8741582337    
0.579289704538   3.24507898041   3.09765379516    
3.86028863582   1.37435309543   1.3212576176    
-0.371887874672   4.53739446191   4.60140499718    
-1.50448791862   2.68717390583   3.58932939529    
-1.36378622369   3.07878756213   3.90691822989    
0.0344865852275   4.05578214792   3.95913350432    
3.10576806941   2.67845855275   2.36615478052    
1.36964997124   4.27724244236   3.7122369319    
-1.30429018428   0.980888563212   1.62380206054    
-0.0536729733783   4.00948654183   4.24055571611    
-1.73222733034   3.00716715515   3.9108546225    
3.56415696739   2.00700809897   1.85556899708    
1.02111914153   1.68577934882   1.29830208649    
1.09469109933   3.92210271809   3.65437444842    
1.5353679668   1.88737959356   1.30764278483    
3.40126765244   1.49570810798   1.16243689255    
-0.398945800452   0.548294045631   1.61189842328    
-1.77887926611   1.42367640767   2.32172996072    
2.98256548108   4.35974044071   3.90103371623    
2.54639992831   1.77804233003   1.08424513929    
2.28338057179   3.66118900728   2.89664785041    
-0.621337998989   4.29539750239   4.67111227048    
2.18753746935   1.78080779712   0.951918256541    
2.01141440132   4.1480852224   3.26811082502    
1.97099707407   0.971890723774   0.0466802485453    
-1.8292595171   0.615909416577   2.22157794493    
2.40677957242   0.388383328776   0.766845303994    
0.333588451944   1.69242466361   1.51223305639    
3.68525478211   1.95546405249   1.76910925262    
0.071801098022   3.30319787378   3.22577332793    
1.82049012057   0.876328515656   0.213923588692    
-0.56381398693   1.82607716285   2.2069349741    
3.0551107029   3.13212147154   2.80504914732    
-0.774556312525   3.39446212327   3.96650680965    
-1.29755713318   2.09740710311   2.78662489706    
1.79830741837   3.05707944631   2.42556670522    
3.15327370056   2.63536445796   2.22738052054    
1.14749211547   2.14827028091   1.71686400677    
0.948960123188   3.12879729346   2.76151504792    
2.03634713907   4.90210525154   4.22471034949    
-1.06365061068   0.711189712571   1.76071237595    
0.97048109192   0.658420322779   0.85278247624    
-0.170044044487   3.67561056019   3.89320954659    
2.94408842126   4.22119113622   3.79121423627    
3.81376761623   3.17639355005   3.07463210081    
-1.12033429393   3.15806806557   3.77406396591    
2.25495866697   3.31719663119   2.48402272634    
-1.32538669225   2.2258235354   2.89818969375    
3.53845315734   2.21388362618   2.13633525339    
1.56447035658   3.3569850477   2.63616567333    
0.446067540066   2.81289442127   2.70496887682    
-0.422466047535   2.85722117421   3.10757269728    
3.41086989424   0.951681368442   0.700991171891    
-1.37879800998   4.28913544266   5.2555113763    
2.21269690159   3.73355903796   2.708951447    
3.0402210629   0.687317188958   0.74305525111    
1.24553537454   3.95366243455   3.53814487331    
3.222495913   2.65012351664   2.34418334414    
-0.329326202192   3.84330260294   4.36696258363    
1.67128459389   1.56957000851   0.879464575896    
-1.86979636101   0.162827724847   2.73463749756    
0.827197512538   2.81268345432   2.46180545958    
1.36892237227   2.58558290595   1.90394034254    
-0.891852823629   1.08513676456   1.51730316729    
-1.79361038457   3.95459297102   4.86593424364    
-1.53790186959   3.84345885347   4.64809103936    
2.641414321   1.65611355402   1.0081539614    
1.64902161465   4.10586235946   3.44064565261    
2.70156019808   0.487645392517   0.806591657198    
1.49920759452   4.6565889984   4.07908738626    
-1.14141665445   3.36461873281   4.0755329233    
3.25379681918   3.82029527673   3.60436270617    
1.2540272638   2.57578052357   2.10323641633    
1.74211403289   1.17626204755   0.425781496513    
0.603297219972   3.07010129302   3.05321569179    
0.120621889322   0.761420922762   1.16046195411    
0.532146723465   1.84108301961   1.59088231551    
1.80611721185   0.290265239019   0.804518324466    
1.59190319645   4.54546157212   3.8726087159    
1.05051682214   0.754193292655   0.734667576843    
-0.926395659958   3.28008113011   3.68117748931    
2.98213565307   1.7391085024   1.22278195561    
0.154888119578   0.487661141873   1.40762414356    
0.412105676894   2.88676294175   2.74972504062    
2.96181598669   0.812254701929   0.589296017384    
3.57224507845   3.47021270113   3.21679868974    
2.92995307062   2.67774870607   2.08480015592    
-0.494992697697   4.04324912776   4.47896970978    
-0.99391169423   1.30863634466   1.7997338779    
0.870321500168   4.10214540711   3.68362456488    
-1.76807041455   1.93632225964   2.80512453974    
-0.372131943364   0.36479711405   1.78536746492    
2.03522342038   0.647891593427   0.366362161846    
3.75507850076   2.33412797206   2.17003881642    
-0.638608414018   1.04113785174   1.38715992714    
-0.19453918523   1.44203641776   1.54998073841    
-0.47516466138   4.81124284242   5.33828024253    
-1.93379466991   1.74661754293   2.77599115599    
-1.81741216567   0.249968194408   2.62895993912    
-0.488721169726   1.68495092225   1.99333259639    
3.11033967501   4.88414515203   4.48148409456    
1.19025716904   4.88749256977   4.63162492142    
3.21385496843   1.36907458203   0.910793780713    
-1.01820788937   0.542484397274   1.95404250905    
-0.700218001507   0.735862157635   1.61567000926    
1.51335199858   1.38414521176   0.727382804883    
0.259070248007   2.44616507972   2.4561668937    
0.202668965036   3.45333377701   3.25015507408    
0.513556452637   4.37388853555   4.64017708979    
3.65861072555   0.234146401403   1.53614865214    
1.68169334797   2.78474919904   1.93797657823    
2.25027633687   2.34329887854   1.55930405905    
3.74377960929   0.814336563409   0.959695800332    
3.52324860846   0.421651808872   1.27721258569    
2.90408033211   4.79142629824   4.26605540956    
-1.16004153381   3.78827715144   4.57921737888    
1.7151773008   1.96209099856   1.23397639996    
-1.1648197397   4.82679760004   5.40719711409    
2.06192119373   0.306606815299   0.67609121652    
2.09237131862   1.79185300628   1.0074668689    
-0.17581451667   4.31073817947   4.43483088701    
3.60997031498   4.9771442901   4.79457733421    
-1.41065186475   3.20249445474   4.00880372816    
0.315742939537   4.96384733024   4.79067932441    
3.80452301585   4.46531877924   4.59716986544    
-1.20624230144   0.847014339292   1.68689340694    
0.207365769563   4.91972896513   4.9662555356    
3.39704066993   2.46132040856   2.23759969644    
-1.95373934882   0.574318156964   2.34778014751    
-0.463614592491   4.0563174923   4.36741021522    
-0.17085525408   3.51238433264   3.70076942631    
0.907910052962   2.15549627829   1.68894851999    
-1.22453781092   1.42593214026   2.00193729224    
2.55706953915   2.21566802516   1.62661132134    
3.04776408601   0.605297804445   0.902477180007    
-0.0443280350891   3.00101884967   3.08510130688    
3.6186691288   0.43372483853   1.28960339404    
-1.40580692872   2.39413823832   3.27823663827    
2.81700905292   2.37276156371   1.81441240291    
-1.16968930382   1.89868891594   2.53216682155    
2.58502361662   4.78056384883   3.85760967587    
2.01975133387   4.57378984528   3.57938792205    
0.304732160195   2.39100265687   2.25577391429    
-0.659522926604   1.06532721848   1.38762579737    
-1.04493476375   0.500016175573   1.97192738171    
2.72593762231   1.71425425969   1.0893030138    
3.18347712849   0.33994868444   1.19226385329    
2.47118163664   2.64765304764   1.90868170458    
1.76247243266   1.06753926603   0.274354719818    
-0.452245156563   3.68229203509   4.01143685396    
-1.64928361703   1.3121194958   2.16329708725    
3.08115328985   3.47700225232   3.0300867549    
0.992408287643   2.90254581101   2.55758005837    
1.13846583317   0.506966481908   0.922738457286    
1.62541215916   2.76602796373   2.08408243573    
3.57972332631   3.32103792038   3.18890669465    
0.591859028363   2.77816575102   2.59862740328    
-0.874762695761   0.178775522236   2.24416139501    
1.54458225624   3.2933137507   2.59556545364    
0.420545988003   1.7159260501   1.46925215221    
-1.9723531636   1.68424163425   2.70516591376    
2.67658936069   2.01691181358   1.32623786949    
3.23528302165   1.46828817435   1.06474022926    
0.627700031235   3.4532008018   3.25830941721    
2.50372683276   0.725014839447   0.455240782887    
-1.80149126366   3.08933443528   3.95501901225    
-1.11993890981   3.56686661897   4.2981907894    
2.29443618521   4.93270997844   4.28983722244    
-1.51340305905   4.23309678816   5.33478662193    
2.02767176601   3.65523412091   2.81373153001    
-0.576846152401   4.73927598417   5.15931639987    
2.8224222279   2.1109454168   1.68226324088    
2.61123568352   4.6685529782   3.8398057946    
0.378425901735   1.31746898363   1.14849853237    
1.31167891924   2.29989835758   1.76293284083    
0.951899448513   1.69815153754   1.25117660708    
0.656657960564   1.73654849243   1.40061709615    
-0.751272310202   1.39035834137   1.78997799579    
0.873554626038   4.87146896052   4.56860719986    
-0.521132978071   3.63702551719   4.08894752594    
1.47811368406   4.78025526717   4.27582128618    
-1.61402502407   3.4611168329   4.48079221966    
0.354839940767   2.61185385687   2.59594536723    
3.03456209422   0.518068848345   0.967482133853    
2.02268000468   1.86757441929   1.00971898691    
3.37406123172   1.25943170891   0.947169050592    
0.673939732161   0.592169962313   1.05041814384    
1.74410132403   4.15875469982   3.4093181736    
-0.0514712690422   4.25877406856   4.65148830307    
-0.747331941426   1.95816595412   2.49860350275    
0.0340872148812   0.473047658025   1.47291903889    
2.91588845386   3.85006103746   3.37686118398    
-1.76363183705   3.52881496325   4.42745351033    
0.650285965599   1.72716535377   1.45774171319    
-1.77989206179   1.76841040467   2.71208887468    
2.67872359628   4.25646068273   3.74237401942    
0.619001248162   2.26283600631   2.12753744395    
-1.9046378208   4.60787735335   5.59453885648    
2.29223352796   1.70197363453   0.881462694481    
-0.833467694819   1.87522012814   2.32733263782    
3.31104689888   4.4035724346   3.91233987661    
-0.592745082101   4.00800382138   4.35758976572    
0.394200435589   2.23547819148   2.11356980001    
2.39688470416   4.11147540347   3.53930436041    
3.17356676416   4.36748559724   4.00810863201    
-0.966474617629   1.9509793302   2.48035090672    
-0.84336585851   3.72533625404   4.24185446459    
-0.857832101194   3.27621668272   3.6650198495    
-1.95264845517   3.52720324499   4.39114204576    
2.91279202643   4.48372380786   4.02523602892    
-1.84988190065   3.53348218465   4.36311728852    
-1.98660074881   3.49423976908   4.63106860839    
3.29594909813   1.64033730773   1.29641111128    
-1.14865838432   2.89937230476   3.61490043379    
3.91374399904   1.40692050025   1.30874341818    
-1.77718392461   4.3321612007   5.20166708636    
-0.517740769951   4.05254166754   4.39197407428    
2.77798705328   0.669560065269   0.645554627685    
3.04467775353   4.41415797232   4.12047390697    
1.46830932959   0.832160104165   0.439908394702    
0.436508233795   0.522167058341   1.25213108961    
2.87674708005   2.70240345769   2.15454332957    
-0.234423315317   3.52432997369   3.78167896018    
0.578691664587   4.86061855539   4.53909676343    
-0.246517532653   4.55073147159   4.97788033595    
0.69395248868   2.17197495981   1.8663884503    
3.89127811382   1.5655123936   1.48289529725    
1.45817511562   1.67205230701   0.964059846018    
-1.45831915592   2.44453578022   3.05444243008    
3.86050397961   1.42176995022   1.32852876253    
0.32890362113   0.901125761164   0.895315272825    
1.41886851923   3.66878195029   3.17070826604    
-1.90009947624   1.97584524878   2.92537986962    
2.46673809885   4.76809824847   4.01019018217    
3.99696237391   1.10878570786   1.12290689805    
2.04608793971   0.723100503347   0.259746914342    
3.24198309004   0.923520992287   0.6367135982    
0.651540067554   2.6448669185   2.41227609832    
3.52123925415   1.46774614301   1.24264336586    
0.89818749766   0.357733715218   1.19328091712    
3.85253777964   3.80038681179   3.74602030751    
-0.784988487892   0.438970313399   1.95023623252    
2.59724353983   1.203413067   0.44220294377    
1.5801767502   4.77777668912   4.24993286086    
-1.90272848609   4.66804441257   5.81085049386    
-0.818830231661   3.24536651673   3.64931773395    
-1.52820778848   4.67463726895   5.59999281612    
0.450260820537   1.15654874614   0.974553892998    
2.87688638759   2.34465814307   1.77396805287    
0.00968144995808   4.48220849888   4.49751123727    
1.46778467708   4.57901645972   3.95949444458    
0.531957095275   2.33364176923   2.20901399833    
0.252568533255   2.0409355044   2.00285296329    
-0.945592370808   3.30985645397   3.82445910124    
1.40078914958   1.45432328051   0.809651651294    
0.53394206296   4.06939018663   3.95982092895    
2.87173539334   3.15779911146   2.63921921801    
1.96318248346   3.35228648042   2.52301753388    
2.32834257514   0.735130836886   0.384458313843    
3.72526258997   4.8201199656   4.80169265661    
1.76934591754   2.41712124753   1.43278249542    
2.79851749402   3.52288681799   3.03901758682    
-0.00440915057938   3.75729810601   3.82249472425    
1.1947742657   3.10858269291   2.73271250408    
3.4946896461   4.2684580279   3.94091348703    
3.97468324572   1.32769593704   1.31000230026    
0.584217339466   3.86734256853   3.52118751096    
3.19849542895   0.43836496836   1.11771183984    
-1.97358445643   3.05002717809   4.20582441567    
0.106257803606   2.41880966923   2.49425627531    
1.16264730294   3.64752250017   3.10036675679    
-1.28080289379   3.35549779569   4.33451640879    
-0.960940354655   0.6561309558   1.79624995613    
0.348283555838   1.89810874543   1.78313763433    
1.61784352596   3.74189237447   2.98026500798    
-1.53988655278   3.51939015734   4.44203200967    
0.967580618427   1.10474838054   0.661259207606    
2.85189724218   4.0263492304   3.38085936988    
0.85716974073   4.116502284   3.89241594174    
1.06476427234   4.03493919076   3.74699472248    
-1.77425011702   3.93846807196   4.91702143203    
-0.512753130776   3.66002280184   3.9690194869    
3.4086527797   3.21742197819   2.93351211206    
2.76441380482   0.738469819958   0.573100947879    
3.1911243326   3.30749594509   3.1034351434    
2.03411512993   2.20402735171   1.39140336716    
2.27301994238   4.07029026859   3.30429892685    
-1.75034981423   0.472055554452   2.38203762792    
0.428418728455   4.25200647485   4.15139463674    
1.75451534791   2.99864892437   2.3076159603    
-1.56459115596   3.28572484359   4.13235482664    
3.40018172709   4.27063746552   4.15532363034    
0.400890376514   1.75254188541   1.64401597988    
2.93078399893   1.53153133945   1.03255305008    
2.21210930098   1.03877496241   0.195549776158    
2.51670239369   0.901643378546   0.312020432234    
2.67189014299   1.05067894286   0.42577111183    
-1.90994578479   3.04202264758   3.98518686536    
0.739952311218   0.746412486318   0.884955625257    
-1.89718412304   3.89567785521   5.1230922305    
-0.872768319579   2.928151459   3.37451441692    
1.44557691335   0.272974135699   1.01372135423    
0.41987117273   0.785989740109   0.980961381663    
3.85728103912   1.04377305404   0.979233277218    
0.09290058866   4.96186445103   5.06352813133    
-1.34684645477   0.71890974671   1.90516560644    
-1.65260761553   1.2384765605   2.03545061301    
0.62120157992   4.76080012913   4.622370554    
-1.05769882051   0.94571352957   1.55060209953    
-1.55587023098   3.20672185112   4.08225882026    
0.42285484409   3.34260580669   3.31040735253    
0.957775206737   3.81241438895   3.70921669124    
-1.67731762731   4.61228308132   5.54820300092    
-1.99988400507   4.05159463571   5.09824935838    
2.01950883488   3.8372399496   3.11275260243    
-0.806275477544   3.70993003676   4.30627547616    
2.31538905115   1.52788834396   0.734201691258    
-0.17486394257   3.0599856425   3.33471488407    
1.34000247109   1.43528608072   0.800271645741    
0.561091097002   0.255709371749   1.46598061102    
-0.0926742148586   0.43888967174   1.60830528497    
-1.97377129283   4.22466627092   5.31585346271    
-0.0744870213519   1.53576726823   1.63080432021    
2.71392182854   3.47139334468   2.83629523768    
-1.58631411587   2.38128215106   3.1702934003    
0.89624034497   3.38127393137   3.10147268761    
2.60378750122   2.47407501843   1.88995328069    
3.32573666154   1.1589182545   0.804785356437    
0.203557259538   2.30686423042   2.2476977993    
-0.0291395756578   3.45726019538   3.71730681193    
3.6333238852   1.74231705364   1.5192886679    
2.3797807389   3.39211709677   2.68767320404    
1.64434122954   0.644521794412   0.52963701215    
2.25598273453   2.81342339712   2.0422551917    
2.24049205973   0.454779208547   0.633023507535    
3.88133691721   1.81825491638   1.80766781208    
1.0424092866   2.69279010512   2.32218760353    
0.203098685417   2.12722516755   2.07391240861    
1.31658707285   1.42852391573   0.836046290019    
1.60079226407   0.524475112975   0.672719781213    
0.455451745374   0.198764012072   1.57400405245    
-1.60114701134   0.920703767926   1.85306860599    
-0.0585636593705   2.80533434264   2.97457849634    
0.05536912905   3.87887907183   4.08411755777    
1.93362475798   2.8815988716   1.98589462409    
3.14945853432   2.09410036435   1.62920721764    
2.78349221072   4.06405494262   3.59699586548    
-1.75679235706   3.23698143013   4.4088193547    
3.03565381835   3.23447997732   2.74072857959    
3.23275788766   0.689016866541   0.847962767866    
0.582143564017   0.307355623598   1.39753423066    
2.88551746936   1.98669755799   1.53743657559    
2.55508930811   2.66097926911   1.9734475312    
2.74803330937   1.67331255457   1.07971558335    
0.0671753393934   3.49104758124   3.67462853724    
0.794649018942   1.4493123748   1.14372308941    
2.28639803969   3.53663303372   2.70992697735    
-0.770954776026   2.49669514776   2.9272353008    
-0.0108855645145   0.518708585483   1.46061827729    
-0.315079961219   2.79094794927   3.08546102243    
-1.91699567167   0.66229187739   2.26328546059    
-0.474639136881   2.67002695428   3.03035475694    
-1.72316830686   3.69359499345   4.61572039541    
0.699060911602   2.41975817208   2.1258872606    
0.353514377582   3.65446472493   3.56541071786    
-0.727866394401   2.54416230635   3.06554392883    
-0.806347126159   2.33941663188   2.80200281979    
-0.203427460737   0.814302154373   1.23872102739    
2.16198231158   0.184568053935   0.865763726813    
1.86820705232   4.50084277528   3.79270872068    
0.628685222942   2.39020983034   2.17143955776    
-0.915708453918   1.94296178133   2.45180522316    
3.34231833759   1.05133936298   0.698053449654    
-0.321444950341   3.14819202887   3.52103795059    
2.28528250437   2.53565278641   1.62639741953    
-0.323853343026   1.86696958874   2.0255247439    
1.18550465554   4.66672182217   4.0802794668    
0.295297623171   0.157484726278   1.69161822636    
-0.622123258181   3.56128525369   3.90975690858    
2.29667271503   2.0121072037   1.2221988985    
-1.71265236182   4.45503503709   5.42148213591    
0.592089107691   4.89052034887   4.75415635135    
1.63597143499   2.10378380509   1.36379110614    
0.408080690035   3.08825505617   2.97748101859    
1.82455859685   1.04025315025   0.222440450791    
3.90501176281   3.78949664821   3.74811649753    
-1.47106432008   2.45752830883   3.18462262206    
1.24465886646   2.89177307629   2.29667792721    
1.98900143158   3.94703144474   3.35136575675    
-0.755646054911   0.792697164525   1.5772173775    
0.678317508355   4.9814553231   4.86364748475    
0.249384367013   4.44977776496   4.4263199999    
1.34019542682   4.3718435809   3.91934808225    
3.97141111886   4.34563589294   4.34495130592    
-1.23018270408   0.352793775608   2.23809885181    
-0.500221688097   1.58605881217   1.8203365061    
-0.747595528481   1.21021265562   1.58306688801    
-1.51238423867   2.12755553574   2.96268232892    
-1.92939593412   0.352649967425   2.57694487275    
3.46130478908   2.0925545448   1.80794079993    
3.33673259772   2.95814963196   2.85270095268    
3.5431549047   4.63724554006   4.59058351619    
1.18805564915   2.18681777468   1.69270659263    
3.237961698   2.68870223463   2.41556687535    
-1.03469072545   4.97319297159   5.49526912338    
0.595617958248   2.42990157915   2.25438639999    
-0.269002191181   4.12675960726   4.30997297304    
-1.02455551739   1.32164938397   1.83372988422    
3.80848868335   2.78335865854   2.64242567419    
2.44194996543   2.17315243713   1.41466321912    
2.88959272434   4.98787372301   4.5990781185    
3.71819706234   0.458154303756   1.33716762271    
3.54180952439   0.509211964602   1.18139275864    
1.83384968176   4.37813869391   3.91439352531    
1.44727877343   4.04664366031   3.47325828356    
-0.0164766912366   1.5483312326   1.57217388117    
2.63881522316   0.791040276836   0.452766642423    
3.82350110963   3.20786360573   3.11005389187    
0.781749426673   0.470555726962   1.13378736492    
0.24746618589   2.31953616892   2.26997859171    
1.78107941416   0.182175155478   0.957770952055    
-1.95592170447   3.51899933664   4.62671931059    
3.69118627121   4.19053895991   4.24258853033    
0.752413717206   1.43110216332   1.09668509334    
0.0598163044087   1.91104074892   1.93795132517    
2.08297294479   3.08909683362   2.23852531514    
0.900601018597   0.665843598528   0.895563341348    
2.23940226949   2.4599929752   1.65054430207    
0.508489167432   1.35100624493   1.18123648986    
-1.78950307281   2.65485085769   3.66854577305    
-1.19173564149   0.513525144428   2.05685394636    
0.896848340721   3.22814306931   2.83848612113    
-0.804356025514   2.15899671017   2.56969451577    
-0.115677117418   3.36507714517   3.56115690553    
0.286729788951   3.10130942952   3.08904031299    
0.422488030252   0.393630147638   1.39640299087    
-0.313985905718   0.222597663219   1.91298380211    
0.262416852901   0.740609663039   1.10346907471    
-1.73182408083   4.40065996959   5.33488328149    
0.311172479765   3.99701123431   4.00731950112    
1.30518375143   4.20969801861   3.5840998648    
-1.65115399817   2.46897991575   3.32703094642    
0.956271578282   1.33305578827   0.867360300496    
1.79938261019   2.85957338404   2.08891239208    
0.0232321151408   1.09884857526   1.03935112068    
2.21683558651   3.64164814485   2.85380589663    
0.708897140868   3.42174337097   3.21092054333    
0.358663181819   2.33971313031   2.20171535736    
3.27677962625   0.843321874476   0.706921685033    
1.61756703662   0.150022846139   1.05531989894    
0.272142851574   4.10441354231   4.1009195442    
0.962382240131   0.626801476657   0.859890754352    
3.01235024634   4.69011522637   4.18144185069    
0.50908407678   3.3838146716   3.19220591416    
-1.49116573783   0.562774356101   2.14322686798    
0.95939363031   2.51911119822   2.05047910095    
3.58358491903   2.25033368641   2.17188636505    
-1.81617662753   0.322157306954   2.55948430625    
2.73231621443   4.19771968335   3.75100291664    
1.73785958163   1.13911398286   0.361557959818    
3.86420202299   4.09668558386   4.1029944684    
0.287294881017   1.02831421234   0.93266814255    
2.80477898075   0.728319267193   0.656347656419    
-1.82739847405   0.87721709148   1.93458776819    
3.53476451121   0.321626756747   1.39021162854    
1.78035507952   1.26031830393   0.423770200176    
1.57694783146   1.47055783961   0.676541936912    
1.81494712841   2.26534067843   1.49194698078    
3.0675674964   3.45707593996   2.843328322    
2.38245913226   1.44562088988   0.612251283817    
-0.318640906852   0.255257175636   1.90381979428    
-1.09433067608   4.0909699218   4.75270712738    
-0.160227832999   1.35312035041   1.45232607244    
-1.65893893133   4.2534912539   5.02099068038    
2.17447411973   4.66757019435   4.01229981008    
-1.40367844939   1.03108498529   1.70864286324    
-1.07583375081   0.964315894698   1.54237064833    
0.767709204755   4.7919652218   4.72078948947    
-0.701450733965   0.476158988006   1.83979634602    
1.73136172166   4.20736467315   3.51944519745    
1.2079511364   3.32142167102   2.80732260594    
0.773696985567   4.39548799793   3.98851080179    
1.82147811617   3.32598071514   2.65125033117    
0.638572010102   1.92460933465   1.68254611947    
-1.86912079212   3.15288021698   4.25187452073    
-0.021460720234   0.533101403974   1.48773588293    
2.759577576   3.02926713816   2.59780790676    
2.18012964316   2.94003789768   2.12206322514    
3.37463868354   2.10982858515   1.93051961379    
-1.47107190738   0.3098816263   2.40720420665    
-1.18554991073   2.48950516173   3.08372564985    
3.83527632922   2.30763587633   2.27606345823    
3.81555280551   4.84602187046   4.88544217026    
0.767751720472   3.92647028326   3.59470064009    
1.24278191877   0.908954705958   0.446752702236    
3.70128903518   1.25251426304   1.08318888921    
2.11222220044   2.92937476398   1.98429384911    
0.524493628141   0.880371467788   0.893361358873    
3.33672254116   0.121521285005   1.50043523849    
0.784798971553   2.37247219716   2.03565959612    
-1.45068935626   4.06411041258   4.84853867609    
3.7656918033   3.81170444305   3.76916346666    
1.75229834593   2.02141588824   1.25535526705    
-1.2320093471   4.49791206838   5.22403993066    
-0.519049582421   2.45449832054   2.761628248    
1.25064767553   0.621303868298   0.727016776952    
0.0954235760209   0.514511425385   1.43496008025    
2.01142102148   2.14155161008   1.19988293269    
-1.21174982264   3.99768294546   4.73693466744    
-0.985194645   3.00566184514   3.42495178054    
-1.35158911721   3.74380407004   4.41291370294    
3.19969251845   1.85620066169   1.49671518949    
-0.166109752465   2.10039066846   2.29071742052    
2.66249351502   0.339781842148   0.953497160773    
-0.551033463684   3.33727175401   3.65497305945    
-0.346538512043   3.64196823884   3.86056770448    
-1.15054993021   4.06221793904   4.66061071276    
2.99929864639   1.76127984138   1.28561250921    
3.59365391091   4.13841256862   3.94554048583    
-0.634804428001   1.79335661279   2.18096428351    
3.37233777926   0.143663990708   1.49106239991    
2.78718729156   3.8850048923   3.41181156729    
-1.83371888077   2.32648355351   3.28979435056    
2.53514085657   1.03486379093   0.315581335974    
-1.9175484109   1.94496699014   2.97600633851    
-1.93141788406   2.62084929957   3.64543775005    
-1.07608950394   0.952742246081   1.58079550834    
3.32471317807   3.79217904218   3.48952387904    
-0.18395205098   2.73507728145   2.93248680893    
0.805650901417   1.91403289907   1.61264380478    
3.62965707659   0.320442916751   1.44300125172    
1.75724345177   3.90433105497   3.10940264278    
1.39390254898   0.382658869514   0.940052311519    
-1.59534093226   2.36070458402   3.19476314519    
0.283182643469   1.03373177328   0.950968754815    
3.25493251245   0.561608972434   0.994195407357    
2.47996341584   1.61413134411   0.832252483541    
1.22958667747   3.78855173817   3.20014077793    
3.8139355466   0.484317291186   1.34903067339    
0.492611437579   4.90351933246   4.78200450016    
2.24622609891   1.922006158   1.11978936393    
1.58981091305   2.37683907261   1.67200181947    
1.48317055608   4.7765507705   4.24034663648    
-1.91423836156   4.31632388522   5.26374798818    
0.0592140305967   3.99128797388   4.05334277618    
1.83414429049   2.65502761446   1.79304414799    
-1.09156763881   2.85416479173   3.50522930478    
0.803738162137   2.39445509465   2.11461849762    
1.39607448701   2.11562713775   1.49769468442    
2.87365878996   1.83608493802   1.3148241808    
-0.751520139966   2.37778222829   2.80127982098    
-0.931967684467   1.43395164866   1.93205835782    
-1.22154294492   2.05192855898   2.71173151415    
-1.27264504733   3.2842289681   4.01124992753    
-0.592527937179   3.04635240419   3.50647709401    
1.51749062978   1.93496737337   1.23339018195    
0.373036916368   2.00166899195   1.88234793777    
-1.17921676526   2.31879554504   2.93947787433    
0.479387453517   2.37241553489   2.1158202176    
1.79647443275   2.76707806454   2.0103671665    
1.16529646641   2.81219117472   2.40858546518    
-1.23929127329   1.84173525284   2.49100849795    
2.66972141352   3.24224226901   2.7254173507    
1.22788611913   1.69543037805   1.18618696938    
-1.80730987963   3.73574492997   4.80938870248    
0.827124356408   4.26210704926   4.11469939223    
-1.10825939108   3.6406489615   4.30889730857    
0.708449759229   1.57733013773   1.27790088584    
-0.724673606248   2.19334182067   2.58234290251    
3.28800665382   0.293892423365   1.2934702913    
2.44969217824   3.84920860671   3.05080854704    
3.24357770515   1.18711853445   0.769755644068    
-0.598461511064   1.25366026286   1.55002858968    
1.72440028042   2.13176661227   1.32102196481    
-0.592788374595   2.00165084848   2.3860590964    
0.618691044151   3.38719726394   3.1116130504    
2.01954476324   4.9236900783   4.22174490463    
2.98402823011   3.56260974143   3.08458337237    
1.13633854069   4.11576939338   3.71290142405    
3.12679308437   3.5543415205   2.98643182653    
1.37725479499   0.444002928169   0.878897092982    
3.85293325044   0.954703048423   0.846151031708    
2.38280717834   0.924382048158   0.167910710778    
1.97383566407   2.13777201715   1.19350103607    
1.01912002088   1.92275663888   1.48581395764    
1.80910939653   3.82519521079   2.94267710992    
3.42097307905   3.33044234582   3.23666244473    
-1.72343895668   3.68142731891   4.65455327431    
2.44965691256   2.14813664076   1.45678524758    
1.87157623775   2.20482968524   1.3295098729    
2.98645844267   2.30031267081   1.79288573755    
0.902425982423   0.412446031049   1.15571534535    
-0.819258909881   2.77489063028   3.21128733309    
-0.327027980892   3.87518911449   4.26187835468    
-0.970789204909   4.42574056906   5.11086256474    
3.11507324393   4.12824427688   3.61190931503    
-1.27434824094   2.21651507407   2.85818550147    
0.133327814854   4.66769337219   4.77922193632    
-1.86598526649   0.804901969344   2.06700141258    
-0.312304922928   1.97673475899   2.20762608491    
1.3562953144   4.03961187706   3.47979535981    
0.523739158031   0.212857887204   1.52265441745    
0.356459417   2.84632307886   2.74104423737    
-1.1437661162   4.48325987152   5.14177047874    
2.49667049796   0.275639062623   0.918265524589    
3.71415325692   0.646738328231   1.13087915714    
-0.78627550397   4.55315769317   5.13722226715    
3.71233806401   0.524045093487   1.27321059012    
-1.85819024234   4.02542011852   5.07728245897    
1.65758155799   2.4792264103   1.72791482228    
3.63257740117   0.107899838526   1.65477258284    
-1.14903003262   4.85903087702   5.46206290873    
0.516485052128   4.01136592174   3.90262210599    
-1.26237532428   2.93830389347   3.63908201372    
1.76778285706   2.93528089544   2.21598068901    
-0.240354020924   2.5814427472   2.79358566923    
3.85797784235   0.367992908238   1.49631736769    
2.23744938525   2.59477035876   1.70690106559    
0.31650336437   1.95109388277   1.89522541065    
3.60450685542   0.588942605182   1.14681683802    
-1.63897988517   1.98950995114   2.88066656191    
2.87977127435   1.51104326947   0.966452158979    
2.30722213826   0.522158213721   0.581020114862    
2.77406446835   0.80587605343   0.48501580897    
-0.69671800551   2.95405433393   3.4413078204    
2.07540098324   3.20617944403   2.44080994245    
-1.27886516075   1.05326790286   1.70902575273    
3.91496859196   4.00927714828   3.96045716176    
-0.245553387297   0.266931753688   1.82938067374    
3.78966961711   1.74367117566   1.65936165246    
2.89251424503   1.37564264655   0.842668963436    
-1.08363130634   3.86506609449   4.64057037257    
-0.171003783357   1.04312794291   1.2120579702    
2.69838752959   0.864296370887   0.439579888151    
-0.572820102349   4.40663310552   4.85869758663    
2.47829902129   2.2851307388   1.52704384072    
2.56065412294   1.58541230305   0.917393999904    
1.33264273477   3.31142489962   2.79305729016    
3.31145096951   4.70776332223   4.53849849922    
3.22809689102   3.78547172128   3.57157755043    
0.656967248787   2.84280426914   2.66109962211    
2.99641368076   0.879759878948   0.471060235138    
-0.788719049463   2.13501478304   2.62481302778    
3.91319095068   0.54048551236   1.34547190647    
1.78765889719   2.63824517659   1.83402364264    
2.64664175503   1.97947786321   1.28594201419    
1.42902991034   4.66719981514   4.02348907532    
2.00408696119   1.85351829395   0.965062251505    
-0.477112711931   2.9998627962   3.32077668696    
-1.67447059118   4.90272322238   5.98324101322    
-0.0580952486781   0.945815126153   1.04553708298    
1.87841106768   3.02246790108   2.27026190066    
2.90872178085   1.25830679278   0.72130794305    
-0.71918632251   3.02116679317   3.51901085557    
-0.146886881908   2.76500044167   2.80597805575    
3.9766829703   4.48340693833   4.84277396138    
-0.903647881105   0.123424844303   2.31149919553    
-0.276899279096   4.98282770449   5.11275762963    
2.79850932601   4.58524969667   3.89849011689    
3.34595918769   0.651852657176   0.956925045786    
3.65440069395   2.01973854485   1.83132667635    
-1.85935879229   1.90134330529   2.82079219525    
0.977968317043   2.95676531811   2.61494270534    
0.86726544655   0.628621979422   0.944212783663    
2.32303938844   3.31240202453   2.61738616281    
3.58345685468   1.18950318694   0.99198569543    
1.36385820242   4.5847629595   4.12750011451    
1.90549837041   2.90078347327   2.02755933267    
3.05943350357   4.41906080948   4.11916991515    
0.125554181933   4.27303323784   4.45606770683    
0.937343884143   0.381051395647   1.15707294996    
1.07811352632   3.66336114336   3.20593150508    
-0.291903564256   0.410037529751   1.73248693587    
-0.473424128098   3.05398652037   3.32702645536    
1.5481893644   1.83870555357   1.18576851472    
0.871163639685   1.94308736911   1.62582736462    
-1.85532601086   3.74561307525   4.64556642928    
-0.985387190875   2.33128669937   2.85026025646    
2.51363810363   0.833550371876   0.416456624544    
-0.392365669456   3.34052969747   3.74621141605    
3.46970293577   1.59465402958   1.36873615089    
3.2762583566   0.266656309947   1.32046887171    
0.923291434669   3.58716293279   3.18938418054    
0.662338362032   1.50297462422   1.27529610698    
-1.01675103158   1.10171184311   1.64860783044    
1.8796196599   4.77448857131   4.00936145869    
2.46813894889   1.97391316085   1.22541412353    
3.12781814091   4.31425520229   4.04455665351    
-0.0363560145902   0.354020572746   1.65213342838    
3.59490700862   2.77314044839   2.50486844733    
3.92174127389   0.901907015613   1.01662843363    
-0.430338827623   3.33143136893   3.71677561998    
2.3071649177   1.63233332915   0.783352631983    
2.87857791811   4.56645674279   4.22739336817    
0.612041275986   3.90833661639   3.76754517759    
-0.610871404733   3.21603790117   3.47763009158    
-1.85186733585   2.03627845047   2.90406009613    
0.153639887818   0.990064641033   0.955843540758    
1.60915530782   3.27541323825   2.55853754368    
3.82126184823   2.48096887075   2.36816057164    
2.42610511044   1.0178684535   0.252363041028    
1.93018824368   3.24376952909   2.4287219949    
0.832285598163   0.822383453501   0.74609221426    
0.447010369355   4.69963072421   4.5935393131    
2.23537012533   4.12842238028   3.43391734437    
3.62852890279   1.41287820693   1.16489526002    
0.525007486232   2.30137489644   2.13122787287    
3.43316210112   1.67504122682   1.40071000547    
0.090364047285   3.53169494585   3.56202541971    
0.414720220673   2.54283089438   2.39009534571    
2.47224462079   1.50288828506   0.708459442413    
3.77127752374   1.7376294186   1.52036926006    
3.38713020648   1.58476913633   1.32938640298    
2.23556876166   1.88539449539   1.04173924011    
2.45096656736   1.96210523085   1.18724951932    
0.669054317038   1.75897190406   1.52614307203    
-1.10677312419   1.46291061131   2.09369398453    
2.07020009707   1.16484889685   0.163796957051    
3.72288323886   4.5616453822   4.30486534333    
-0.209405850636   2.87564966123   3.0243107696    
-1.20314922453   1.30564836612   1.90022779443    
1.87079650615   0.634807143249   0.410869606655    
2.6628065088   4.29629784133   3.57618864369    
0.633756724387   2.77532258645   2.54055700943    
3.8545720199   4.00033470244   4.13691718235    
2.08499227608   1.45438782286   0.436086955701    
0.761249597444   4.93266314078   4.37670054375    
3.5356327745   3.99599357867   3.68634459993    
0.428338108303   4.04968513714   3.98731734004    
2.14420815923   2.44528491   1.56128556187    
3.68334721455   1.37999649519   1.23093116127    
3.31358324599   3.25726380015   2.83946753495    
-0.111378443085   3.57426139553   3.89972574501    
-0.552013862133   4.13348059735   4.68587074207    
1.53781767453   3.98315370286   3.37216107587    
3.19489301369   1.96922108351   1.52130922628    
0.417808428416   4.45884401243   4.49634554276    
2.04633576052   4.72044450421   3.95330952042    
3.71102373975   0.560843486742   1.21678255661    
1.87249576277   4.87629245037   4.2623338924    
-0.608363227052   3.11684433079   3.54470534823    
2.20450123556   2.50179660019   1.65736455289    
1.08003161943   0.180706505494   1.29493936926    
2.20363582158   2.22451236395   1.41825060739    
2.15768895402   2.14174307151   1.22745808465    
-1.4144974597   2.83188596952   3.61297804693    
2.5153599363   3.97759752457   3.44112112312    
1.43938938739   2.96523277991   2.42846544646    
2.78143808041   3.3935518085   2.94335818137    
-0.877412140811   4.99765080655   5.54937722645    
3.68230745646   0.420628786539   1.37598478572    
-0.405153323061   4.10501374557   4.35597107728    
0.905087719604   3.85199009306   3.47538498176    
-0.925499487858   0.228296765671   2.20424742578    
-1.38267829821   2.65382221083   3.35150473493    
-1.71720938115   2.01403023193   2.8459451462    
-1.66496036908   0.121766581753   2.68224517913    
0.800649687351   1.25397600278   0.946168067899    
-0.782571630625   0.773222448033   1.58344207027    
-1.73936274355   1.6516996297   2.50824970741    
1.33242752169   3.90208725752   3.56954265114    
-0.426141932169   2.65214358553   3.12571511645    
2.61804166758   2.66951308141   2.01949494804    
-0.326346850692   1.51947751096   1.68000921561    
1.19497265388   3.52616566963   3.00074768798    
-1.22927754357   3.99342248413   4.72151100673    
0.847392830156   3.54550121331   3.13811407413    
1.92090108214   3.34636489603   2.64400235838    
3.16373614637   0.240005223232   1.28980827644    
2.41370295016   2.27282110968   1.4829156461    
0.764997343162   2.67392910045   2.27141914955    
-1.31512127614   2.72334907798   3.37436350183    
2.75174132203   3.00673430729   2.4533513239    
3.78097502253   1.98453006535   1.86500789773    
-1.19273900011   1.65490643908   2.2833709864    
3.21563356778   3.92900095102   3.63835141672    
3.87607513893   2.80566961512   2.92328389376    
-1.53255819413   0.867902479015   1.89794417388    
3.16385555318   0.311832308177   1.22647633014    
-1.53768249372   4.19265000548   5.10372405301    
-1.90735718404   0.40018566741   2.50558484972    
1.33977621029   4.19875103369   3.50551943211    
3.0011501119   4.83019199308   4.37937165037    
3.50848915259   2.57946546149   2.32653541109    
2.33394865969   4.29310537801   3.62147676232    
-1.08001648878   0.534560592038   1.97418088813    
0.130780385421   3.93605967416   3.90862960496    
0.975294161517   1.32511161802   0.920865390346    
-1.67978347817   3.39798552471   4.36970906545    
-0.383502631914   4.07748454338   4.46266128349    
2.70652693013   1.61415819268   0.948509449658    
-1.69870708594   2.39716710663   3.35181253986    
2.65062607089   1.47170529311   0.749661944363    
2.45180372635   0.803426471686   0.338917472939    
0.883473525974   3.83452308899   3.36893335175    
2.44629950134   3.30221911864   2.50791323217    
-0.629733117775   1.72891162331   2.10973547078    
0.568436115144   3.3245632577   3.26117224453    
1.09458973315   3.18390598863   2.67166167024    
3.71975465611   4.70961346342   4.72692546112    
1.47202917838   2.19625130547   1.70480483552    
-0.106395137184   2.90577549039   3.19345703622    
2.32370230858   4.49824671324   3.77988779963    
1.35672495356   1.34484627207   0.74570725214    
3.38086043542   1.48595080106   1.1872712261    
2.5174643597   3.96851432351   3.34192692089    
3.93753419202   3.20388156306   3.17247050028    
-0.953745000549   2.75021307726   3.20668011404    
-1.19910745547   2.47540072759   3.12172604844    
2.26442810244   3.50315779703   2.80235767565    
-1.07021163597   0.843440084061   1.66424671532    
1.05274259641   3.26124661815   2.77322094697    
2.246130193   0.531041491892   0.537678900653    
-1.80483521254   1.47116424294   2.43788532391    
1.64024807105   0.524259802544   0.630740139653    
3.76924650556   4.77079474667   4.82909547351    
0.301792780463   1.61364384804   1.46199448891    
2.76412890956   1.4607146518   0.797441400839    
-0.597936208867   4.42996268262   5.00292808475    
0.397791429574   2.45222459916   2.27857600901    
-0.383930012187   4.01890881077   4.34463776418    
2.7092766359   1.39191955331   0.723186425464    
2.75568006368   1.68082485719   1.06754610576    
1.19445952378   4.63278181548   4.13160842046    
3.36697694511   0.754080056189   0.882936028445    
-1.24593310735   3.71691740124   4.39972437486    
-1.22525398154   0.872670613644   1.67103428245    
2.47931777826   3.73303966856   3.03184576794    
0.518805875943   3.63276028312   3.62409493596    
-0.093878895149   4.30364735997   4.50207667246    
0.468349007423   3.88718852748   3.52491769035    
3.72718383453   4.49637777195   4.32798322324    
-1.56037856395   3.80857680431   4.66180400047    
-1.02362780555   0.739247266593   1.76000365627    
-0.928914038075   2.5303372362   3.03346217936    
2.75388891394   1.71905811687   1.17823374943    
-1.43563711233   0.436233792392   2.23354864927    
2.89359020393   3.54096125184   3.01594583302    
-0.0800781685709   3.05504184784   3.37245639412    
1.35799060572   4.74626543669   4.28247404419    
3.45290844699   2.61783092282   2.50995746693    
-0.536292015083   4.31915986595   4.71842618332    
2.25266579711   1.35333851762   0.517133580679    
-0.455203439877   1.84736404828   2.07977694303    
1.16320218615   4.93361939487   4.3297788632    
-0.949099706467   3.29085097391   4.00960315767    
2.14827137758   2.4856875705   1.60610472833    
2.44442281964   0.42131498994   0.757033139447    
-0.492009064005   0.475141230461   1.72823541687    
3.98373859703   2.1896184591   2.24019675564    
0.254870173529   2.67794982004   2.73205960965    
3.99920975758   4.76159896939   5.02075337553    
2.71527708154   3.08453986144   2.34633716051    
1.80671916956   0.167747661238   0.95273216177    
-1.6055811351   4.79811890929   5.77673798923    
3.40160578257   4.4102713564   4.34130051288    
2.22802018922   4.39739142167   3.74085327686    
1.40191804629   4.69451337197   4.07630069463    
0.488782012152   1.22569747081   0.97675039706    
-1.47057526901   1.06711832603   1.86664980467    
3.96600866027   3.09914626623   2.9827186617    
2.00577246116   1.92150318936   1.02414666211    
-1.4629482123   3.78597026938   4.61927937139    
1.49465593038   2.57954764605   1.94346054505    
0.690808554569   4.82858499244   4.51223072573    
-0.138844047403   4.69278882022   4.87006012501    
-1.2706117648   4.09651501134   4.81931963072    
3.63115490313   1.21735104009   1.05092779989    
1.96157222094   2.48109077359   1.58414858032    
-0.46884427585   0.73161727778   1.44529074337    
-0.524648941288   2.62799513751   2.90165590451    
1.69255558618   3.02002668534   2.4044347158    
0.554123787492   4.86327796235   4.8188538685    
-0.531676476766   3.68067830121   3.98425643183    
1.06670263351   4.55775876745   4.13249195672    
-0.180274173478   2.6611878352   2.84671450042    
2.89522062447   2.59731975061   2.07749143169    
2.67172829925   1.54072845531   0.873974219449    
1.35503982952   0.735038388658   0.563801696466    
-1.47868521006   3.53085628278   4.27718519973    
1.73477801963   3.34060071152   2.57484182536    
-0.0971464000783   1.77525063905   1.77613201156    
1.04647612105   3.88855578689   3.61205627417    
2.10460949321   0.255068785804   0.771505587193    
-0.851492892295   1.02387398333   1.49190966401    
-0.940061289663   4.82002190037   5.25580565355    
1.7624172661   3.04710195691   2.40280763116    
2.7193754444   1.36596620604   0.77980597394    
2.60306571291   3.19141343294   2.44926291361    
-1.11831627823   2.59750274385   3.35500719267    
2.12101482431   4.38425598005   3.58184085881    
0.555412715402   3.32935509336   3.1747977698    
1.71894064164   2.23693029086   1.42613167607    
2.33851913554   4.31942455801   3.33618252539    
0.182231576826   0.836671339417   1.02853506902    
-1.83096763004   0.881947239964   1.99801802382    
-0.789708737424   4.90797272389   5.60203040095    
-1.33790773129   4.42116671832   5.05202643108    
1.43806822068   4.60238729983   4.07109469186    
-1.62174170896   3.15835307992   4.03658904657    
-1.2488134231   3.90919028155   4.71859048126    
0.186059986557   0.630093600566   1.26879550736    
3.94902459718   1.08460290353   1.070047314    
-0.249585858919   3.69125723962   3.77123544364    
1.9893667869   2.03138748717   1.16200560766    
2.61342212939   3.20442814429   2.94192130479    
2.14182817816   0.314468801886   0.7143079783    
-1.02894271311   3.47979159264   3.89228396835    
1.07296058134   2.53898085228   2.12580268369    
0.320868627135   1.20441304995   1.05388051224    
0.870232546869   4.49344954942   4.22013873898    
3.56752510633   3.94497227471   3.8583683664    
-1.30918174221   1.77088767236   2.52212379804    
2.66775992407   3.16048982388   2.45968967711    
2.89995694551   2.51537470658   2.03368490157    
2.39908423847   1.97543823299   1.23250700809    
1.13843031348   4.63368985097   4.14621979247    
0.0881796777118   3.35716920703   3.42791883599    
0.702777407875   3.77863151485   3.62260520107    
0.672967765207   1.82740624377   1.51831239293    
-0.221769135904   2.20984283704   2.29694597288    
0.460456008374   4.90890079071   4.85287040761    
3.27069794556   2.81210781566   2.46048931432    
-1.127685188   1.73548956615   2.39552150026    
2.88060731663   4.24624529198   3.85477512204    
1.12344049448   4.59968018258   4.21695286502    
1.79609284134   3.52726996964   2.85588783381    
-1.80419518402   3.02823127466   4.07363143093    
1.30991820304   3.87920280135   3.23464649218    
0.533512835565   4.65161016519   4.51755559569    
2.38591720387   4.16579548733   3.35559233797    
0.282548714359   1.75505851225   1.67709781609    
1.02934419784   0.794227089723   0.630418028242    
1.64814284329   4.54589724545   3.86742957938    
2.66098103494   2.12416889254   1.54113027673    
-0.0953441132822   3.16663218521   3.25826548064    
-0.0183497620064   4.69297721586   4.89847115952    
2.48933923716   4.1840582608   3.61081659991    
1.49140897206   3.8373786576   3.44437887095    
1.04327130055   0.809487424343   0.677940004756    
1.57278569652   2.53861419958   1.9355762213    
1.85327169719   1.12389621138   0.239663616051    
3.00399848901   1.84872970076   1.40751679462    
-0.583260781816   2.76969398268   3.22982437691    
3.49237600015   2.05113532072   1.94923645078    
-0.450377551903   4.69963446403   5.09289030676    
2.08589475159   0.52020570018   0.495038066771    
3.61813981484   0.258446343825   1.49363792022    
1.11907427165   4.91869273402   4.46676888704    
0.831019738989   4.89284086521   4.74818457544    
