0.00963791460265
0.0118783815403
0.0103527076781
0.0130238387112
0.00750134629927
0.0072331247907
0.00857508919517
0.0249020859314
0.00965840091484
0.00947228221214
0.00803070112008
0.0631832862143
0.0107830579211
0.010437553908
0.0119646448794
0.00738871420223
0.00794608129236
0.00744818768393
0.00895339195341
0.00921559557431
0.00897242824459
0.00758621720527
0.00726537165486
0.00820781704127
0.00942689317487
0.0081542240443
0.00809906514458
0.00851526753228
0.00736456363252
0.00872737213375
0.0074777182062
0.00778991165295
0.0115010194954
0.00791543407524
0.0080139115659
0.0102765474189
0.00890163879881
0.00904001160391
0.00896007627144
0.0074314775253
0.00804938179853
0.0086188918575
0.00941342987279
0.0130525532678
0.0120781821876
0.00821705786508
0.0142639878958
0.00746189925938
0.00950199447652
0.00837266279712
0.00856956256845
0.00813065165537
0.0080382151778
0.00986746259191
0.00830231228366
0.00865562168523
0.00738695102238
0.00759318257326
0.0073863557469
0.00919928055545
0.0105679541477
0.00795846218061
0.0105934654705
0.00730752844379
0.00767899010793
0.00843370054861
0.011500819746
0.0135628566323
0.0103764613837
0.010954913716
0.011927017642
0.00738868620562
0.00856636931967
0.00740623271656
0.008006123023
0.00868303373763
0.00797652457157
0.0108173967156
0.00788054670363
0.00824789702029
0.00773425247121
0.0107766332199
0.0114760232681
0.00722680706099
0.0108495567544
0.0244055017001
0.00877991201105
0.00721799015457
0.00816765929994
0.00779900726659
0.00902037428759
0.00837327041523
0.00788718896006
0.0131298123171
0.0091972209936
0.0101332486204
0.015620413666
0.0088292199349
0.00769993001401
0.0104680073659
