0.0103518497239
0.00817232687935
0.0120839994167
0.0105502270348
0.00839607205855
0.0095245790801
0.00820510711071
0.00814331319182
0.00827929317448
0.0118143604157
0.00942996307038
0.0104132064778
0.00971706893405
0.00945917440992
0.00873604834608
0.0100904452417
0.0126790965685
0.0095344678992
0.00853618363768
0.0088489883496
0.00930077650557
0.00833736849972
0.00815244072056
0.0139761795482
0.0146021396387
0.0111725633841
0.0118652948972
0.0102613685707
0.00867007190207
0.0105096271487
0.012178177391
0.00905336907908
0.00884489347608
0.0081890114541
0.0124542509791
0.00828389054256
0.00930096154061
0.00851147092892
0.00888678406615
0.0108621839571
0.0136801873973
0.0101394412198
0.00825891230243
0.00835201969206
0.00892298714962
0.00946118124887
0.00874603619949
0.00844226288675
0.0082794228764
0.0149233797023
0.0099666006813
0.00815061603627
0.00850053086903
0.010121547489
0.0106904450227
0.010661534603
0.00959483349615
0.00948487759833
0.00843075694936
0.0115264206827
0.00859096515315
0.0104641871014
0.0100594674005
0.012064940238
0.0112446127032
0.00840259564655
0.0102306013034
0.0137496082609
0.0113194962744
0.00864059602131
0.0116522110927
0.0111448617033
0.00817082706281
0.0126712644058
0.00965179602907
0.0111056197754
0.00902150322452
0.00904806926502
0.00803025755278
0.0111801810539
0.0127215040639
0.00909365450608
0.00807901888217
0.00892369487101
0.0117827824986
0.0102416847843
0.0117494194752
0.0103691850689
0.00835181217079
0.013266486283
0.00923246342729
0.0106846017989
0.0090548782782
0.0108816192372
0.0109238985283
0.0083106455401
0.00944308455012
0.0106534193674
0.00841466960998
0.00866522643671
