mean    std    distance0    NDraws    time    dist_threshold1    
1.86881908035    0.980467390813    0.0828755766951    1    0.00457501411438    0.265831480959    
1.92429132666    1.137666273    0.165198551807    3    0.0077919960022    0.265831480959    
2.12649802761    1.09860062887    0.133392449921    2    0.00526189804077    0.265831480959    
2.09355911919    0.90502990668    0.152353341249    5    0.0135591030121    0.265831480959    
2.23157658981    0.944949396359    0.193674543787    2    0.00496292114258    0.265831480959    
2.06549977729    1.06553605912    0.0657165388885    1    0.00187397003174    0.265831480959    
1.83752002698    1.1702317189    0.252232908686    1    0.00175905227661    0.265831480959    
2.18926019118    0.872234004429    0.216336210751    1    0.00208902359009    0.265831480959    
1.94197395834    1.06956714592    0.064164193239    1    0.00176382064819    0.265831480959    
2.01363054489    1.06194263473    0.0507430334445    4    0.00988602638245    0.265831480959    
2.11334894979    0.974643011525    0.127917098753    3    0.00769901275635    0.265831480959    
2.04342854512    1.04507126298    0.0188598698632    3    0.00757217407227    0.265831480959    
1.93165946905    1.02656488674    0.0323094055214    1    0.00261306762695    0.265831480959    
2.07833410831    1.25855308146    0.26048251113    2    0.00483107566833    0.265831480959    
2.24144808971    1.11310259057    0.172456773751    2    0.00475907325745    0.265831480959    
2.23696026816    0.903388671546    0.261800372854    1    0.002525806427    0.265831480959    
2.15289194776    0.848070737712    0.240505735015    1    0.0024950504303    0.265831480959    
1.93357903016    0.801503789095    0.247374940493    1    0.00252294540405    0.265831480959    
2.24403354249    1.03794974285    0.119320433745    1    0.00248408317566    0.265831480959    
2.04442098554    1.07604312494    0.0380485623392    4    0.00930309295654    0.265831480959    
1.73440954303    0.872908382353    0.260477892862    2    0.00466394424438    0.265831480959    
1.86016418192    0.873342268048    0.244495131147    1    0.00175905227661    0.265831480959    
1.8765408971    1.10833086406    0.116059405526    4    0.00608587265015    0.265831480959    
2.20115004676    0.87538794797    0.21555388519    3    0.00557088851929    0.265831480959    
1.91314973403    1.08304943884    0.0663129816732    1    0.00251793861389    0.265831480959    
2.34265670365    0.930563580409    0.256639160577    1    0.00256109237671    0.265831480959    
2.33811510971    0.994162036572    0.170260195688    1    0.0026581287384    0.265831480959    
2.01053526081    1.08111651242    0.043231743828    1    0.00256109237671    0.265831480959    
2.11980414807    1.14633052351    0.13431156877    1    0.00255393981934    0.265831480959    
1.89515761004    0.987103609426    0.0998250154375    7    0.0146341323853    0.265831480959    
2.36627225631    1.04574370397    0.184385908914    1    0.0022439956665    0.265831480959    
2.13139863583    0.922074917917    0.155336739194    7    0.0118360519409    0.265831480959    
1.77627616795    0.985000512709    0.156814373742    4    0.00669002532959    0.265831480959    
2.02798826075    0.813985780538    0.233770000973    5    0.0137050151825    0.265831480959    
2.0229313509    0.970221421255    0.0742124183082    1    0.00183796882629    0.265831480959    
2.27700235251    1.10298141219    0.204895644981    1    0.00244212150574    0.265831480959    
1.86806332816    1.07149143429    0.10297863437    6    0.0106489658356    0.265831480959    
1.7357734074    1.10981520199    0.190511391162    1    0.0019359588623    0.265831480959    
2.07352841251    1.07290698614    0.0364539523719    1    0.00182604789734    0.265831480959    
2.27531749128    0.889699162606    0.258266986623    2    0.00318908691406    0.265831480959    
2.00210221216    1.1616119145    0.227548417184    1    0.00188493728638    0.265831480959    
2.09735518142    1.07635092164    0.10164089939    2    0.00314402580261    0.265831480959    
2.01246371015    1.15520288951    0.132658857189    3    0.00666403770447    0.265831480959    
2.16947974228    1.05669135548    0.112422243589    3    0.00700497627258    0.265831480959    
1.74793564976    1.03251986816    0.152971423624    1    0.00199222564697    0.265831480959    
2.2159427696    1.10420590051    0.185584141567    5    0.00765514373779    0.265831480959    
2.20233946158    0.882039687633    0.243158603957    1    0.00163388252258    0.265831480959    
1.73069327545    0.920938391383    0.262539736334    1    0.00160884857178    0.265831480959    
2.03478511036    0.814998979248    0.233492615358    3    0.00452208518982    0.265831480959    
2.32656151444    1.08760120435    0.244034798088    1    0.0016450881958    0.265831480959    
1.99316566209    1.15696897045    0.0989126731874    1    0.00182414054871    0.265831480959    
1.85325175698    1.14365405097    0.164277050199    2    0.00461602210999    0.265831480959    
1.90335268512    1.0108147453    0.0734014456256    3    0.00795698165894    0.265831480959    
1.90864140917    1.26382313159    0.253826281567    2    0.00371408462524    0.265831480959    
1.65110846436    1.07079439132    0.20236642103    1    0.00213503837585    0.265831480959    
1.82263334618    0.85624191749    0.253742778552    2    0.0035240650177    0.265831480959    
1.96616978202    1.16577345478    0.14990404444    2    0.00324988365173    0.265831480959    
2.18499119477    1.0481952793    0.0721872242617    2    0.00325894355774    0.265831480959    
2.09776435419    0.899165216084    0.138611431533    1    0.00189089775085    0.265831480959    
1.89815533292    0.859362551002    0.221466338363    1    0.001788854599    0.265831480959    
1.9285444762    1.09200505318    0.143557456932    1    0.0017421245575    0.265831480959    
2.06027257133    0.917014579795    0.100350732779    1    0.00182008743286    0.265831480959    
2.04808284213    1.08741910025    0.0339025575871    1    0.00172996520996    0.265831480959    
1.9556890034    1.04990546681    0.0816399580289    5    0.00776505470276    0.265831480959    
2.12376953973    0.893087684282    0.185235381598    1    0.00177383422852    0.265831480959    
1.89620790802    1.05799976147    0.103151065273    1    0.00279998779297    0.265831480959    
2.22325639042    0.910596710481    0.221347881692    3    0.00758695602417    0.265831480959    
1.59944690923    1.00520570732    0.221686025495    1    0.00280094146729    0.265831480959    
2.14550071853    1.1527113224    0.224318947226    3    0.00553703308105    0.265831480959    
1.87205518395    0.997296056535    0.0993110842124    1    0.00175619125366    0.265831480959    
1.94406025812    1.00486327573    0.10659232913    2    0.00381994247437    0.265831480959    
1.95200131935    1.26579329381    0.218680376452    2    0.00542998313904    0.265831480959    
2.31055470271    0.960063128841    0.232834980941    4    0.0101881027222    0.265831480959    
2.10770682908    0.866379527775    0.218227482344    2    0.00338697433472    0.265831480959    
2.26927541678    1.13943040594    0.230429910329    3    0.00484704971313    0.265831480959    
1.89811946604    1.09085553084    0.0679299248526    1    0.00196194648743    0.265831480959    
1.92320122232    1.01556929856    0.0350551499898    3    0.00492191314697    0.265831480959    
2.32698980233    1.06523843229    0.201901085532    1    0.00174999237061    0.265831480959    
1.82290779064    0.917224104177    0.179287361841    2    0.00322484970093    0.265831480959    
1.88796221408    1.01225598306    0.109231346676    3    0.00480794906616    0.265831480959    
2.02825183859    1.12252007863    0.0781436787379    1    0.00175905227661    0.265831480959    
1.91630351575    0.904415880948    0.204667678518    1    0.00171303749084    0.265831480959    
2.16875773977    1.10352279295    0.115804582413    2    0.00327301025391    0.265831480959    
2.14543955768    1.19570400236    0.188477751109    2    0.00328397750854    0.265831480959    
2.14124942193    1.12442497325    0.197215092724    1    0.00167202949524    0.265831480959    
1.68656982039    1.02372415737    0.181166832154    1    0.00251793861389    0.265831480959    
2.27889904043    0.908342210308    0.238071257547    1    0.00277996063232    0.265831480959    
1.7521645927    1.01910323808    0.147179386972    2    0.00519990921021    0.265831480959    
2.06651954128    0.863387485792    0.163084029792    4    0.00989294052124    0.265831480959    
2.17618755316    1.06575061328    0.12225216874    1    0.00273394584656    0.265831480959    
2.02718986951    0.849220625969    0.204399237037    2    0.00513291358948    0.265831480959    
2.0386550554    0.979692036957    0.0510139494139    1    0.00244784355164    0.265831480959    
1.8151615158    1.13010361825    0.197599862955    2    0.00411081314087    0.265831480959    
2.30513293044    1.06489031891    0.185512215017    1    0.00207996368408    0.265831480959    
1.95564040363    1.03300855699    0.0295963611014    1    0.00163698196411    0.265831480959    
2.02999045241    1.12199385738    0.151490884492    2    0.00315117835999    0.265831480959    
1.80858970426    1.1422360732    0.242709703204    3    0.00506711006165    0.265831480959    
2.10959079478    0.838660358381    0.242941566493    3    0.00445508956909    0.265831480959    
1.98030097876    1.25549628909    0.184012946097    3    0.00450110435486    0.265831480959    
1.86145925419    1.08742198716    0.178672320515    1    0.00164198875427    0.265831480959    
