0.00890050278334
0.00784477282257
0.0109704364583
0.00775485863145
0.00840180837425
0.00850785149497
0.00931094156274
0.0111449408659
0.00792418038721
0.00879356301178
0.0176121379093
0.0126685231279
0.00929121296512
0.0131338562592
0.0102435797999
0.00880381100054
0.00902782930691
0.0118305229918
0.0102657479813
0.00898594127325
0.00894000620356
0.0102633720242
0.00921228279568
0.00856190056214
0.00921806246729
0.0130099690519
0.00813801942048
0.00783445838878
0.0127618411491
0.00970104352941
0.0086374322623
0.00881840958159
0.010036571471
0.00835543220636
0.00793469153253
0.00965358555449
0.00906075158517
0.0107785983322
0.00920874932011
0.0114565046417
0.00803796067617
0.00921262314864
0.0100377733901
0.00800736169473
0.00992262846417
0.00972287574692
0.00810815129521
0.0091556420518
0.0102853556054
0.0123070120203
0.00922989315043
0.0122890612233
0.010043707297
0.00977449402199
0.00839362597131
0.010975812246
0.0100897715455
0.0109216471201
0.00964541508965
0.0080840330311
0.0147335736505
0.0103942432373
0.0078820329698
0.0101666482776
0.00880968028391
0.00905419898748
0.00848624735907
0.00887240127669
0.0111162205152
0.0102945702847
0.00877222501341
0.0131768128499
0.00811979197032
0.00979312798174
0.0150191200235
0.00786916006521
0.0081591078102
0.0101740518293
0.0173990183747
0.0100090318617
0.00928024691135
0.00853454511414
0.011283209846
0.0108396896028
0.00891832042907
0.00977170931328
0.00850859487214
0.0079845908564
0.0110073223768
0.0107024343648
0.010157634575
0.0099328691557
0.00909749152924
0.0163838463966
0.00914577407198
0.00870839018133
0.0112850523636
0.00850326145171
0.00908372152028
0.015326484568
