0.0101195091836
0.0095609164256
0.00939101881303
0.0100027378294
0.0120108117073
0.00816638821056
0.00874863275434
0.012640507051
0.0117644038551
0.00923219631646
0.0101581912025
0.00790239009335
0.0107797566533
0.00962866365075
0.0111538732572
0.00795619612243
0.0106808793243
0.0106546368369
0.0113720650255
0.0112521957457
0.0112442606201
0.00872338049331
0.0130068246762
0.00770630097494
0.00932355009165
0.0103636113502
0.00847004284163
0.00778558816317
0.0103511522355
0.00894209144507
0.0104224188462
0.00928412372744
0.00818030791448
0.00769878320852
0.00810829685476
0.0120237078276
0.0125855985648
0.0134893351317
0.00862679902849
0.00820144267482
0.00871134618762
0.0088673884597
0.00958444976548
0.00916285708831
0.0103054083419
0.0102221279597
0.00814292820602
0.0110739944143
0.0108644399423
0.00935316273168
0.00770004310844
0.00787538613757
0.0111302786826
0.00782047551283
0.0101873834898
0.0106485908249
0.00898395520636
0.00768213837038
0.00950223217935
0.0181903929955
0.00804830869214
0.0088784796728
0.00816059067921
0.0107740099851
0.00867560241877
0.0090401396159
0.00854114449481
0.00788896017378
0.0121971347636
0.00920088203564
0.0111543407148
0.0106488760948
0.0106821746762
0.00805290581054
0.00829675310014
0.012332305588
0.007679728251
0.00886688110461
0.00852930312894
0.00986881764233
0.00964705264388
0.0140756993563
0.009859369596
0.00856692578788
0.0137763982337
0.0115826620457
0.00971780435931
0.0090290929748
0.0124715492768
0.011532394691
0.0125817660535
0.00920886785925
0.00997870504544
0.0106745167246
0.0126131660754
0.00881718549799
0.0108326371458
0.0109240609414
0.00907032481709
0.0137999158974
