0.00818599880158
0.00824347023988
0.00980924182147
0.00842815286953
0.0113518741696
0.00793400063693
0.00887985712443
0.0115381129227
0.0107906576195
0.00818107295414
0.00860581415745
0.00909073394243
0.00943273897046
0.00977679190074
0.00833467393703
0.0083681952089
0.0130834702507
0.00779619225575
0.009625188315
0.00850429838733
0.0107532863862
0.0108104045552
0.0092515500471
0.0104218020689
0.010313184502
0.0115499078945
0.00948046784268
0.00835304718886
0.00796251829036
0.00789256863523
0.0122887434826
0.0084586390914
0.00803633302488
0.00913797502848
0.0235182333859
0.00854598887848
0.00971451319292
0.00968191184726
0.0182345505381
0.0164962466056
0.00788840106736
0.011874017193
0.00865126194439
0.0135208294137
0.00855246741261
0.011098334367
0.00802416685302
0.0092000370141
0.0127593226215
0.00830871401525
0.00804824385333
0.00935481439661
0.0100318579325
0.00820094586983
0.0100678087978
0.0110101584344
0.0109018318523
0.00806048823412
0.0110293796913
0.0110443956948
0.00952261419112
0.00812826062212
0.00828254440226
0.00888432965534
0.0128030779486
0.0103924540331
0.0154364629355
0.00790273741746
0.00831774685006
0.00822058575426
0.0091897910745
0.00848005525029
0.00831201093815
0.00965031600659
0.00806113636085
0.013541854729
0.00975595365418
0.00854575325904
0.00923489278308
0.0128127994309
0.00856268233838
0.00950296723318
0.00782206411274
0.00954045260661
0.0144710747602
0.00832911969831
0.0085931774624
0.00924699098599
0.0103726141513
0.00921269207175
0.00894127268165
0.0113613576957
0.00853396050415
0.0144924502647
0.0119031024381
0.00807840496598
0.00978462537394
0.00986922098796
0.00997680607288
0.0114397006665
