0.00926424091479
0.00982097385475
0.00999800543881
0.00778671234533
0.0170489652178
0.00794571588968
0.00798533269506
0.00988465055718
0.0150816471284
0.012914901997
0.00800473258667
0.00850948779145
0.0126713444035
0.0112296259139
0.00795811822973
0.00773589819583
0.00799522873737
0.0228846697279
0.0128500850675
0.00747658255839
0.00986787127092
0.00745366665191
0.0118617790626
0.00756844361629
0.00807335817478
0.00813136794003
0.00758818327576
0.0102887552309
0.00841959707945
0.00942967087564
0.0116995631369
0.00747800004758
0.00798604656071
0.0103998160365
0.0124978025266
0.00849627951888
0.00779990586493
0.0137747436095
0.00788633930192
0.0075261728689
0.00877261982578
0.00831513490638
0.019596040558
0.00865387221728
0.00983654356536
0.010288158839
0.00758605295797
0.00799033597817
0.0139634741416
0.0105027820293
0.0120303531311
0.00758644020764
0.0147132432144
0.00763845766004
0.0130325135059
0.00931921183923
0.00892017305407
0.00783715301671
0.0157427662678
0.0145904326205
0.0109698883708
0.0146750666946
0.00745870031668
0.00820636217516
0.00832038396499
0.0118035981874
0.00873326615743
0.00851050252679
0.0079314965549
0.00980910740429
0.00833630672858
0.0111041935587
0.00787516865677
0.0118162864741
0.00837538717672
0.00764647458835
0.0112362583128
0.0095199873724
0.00905358693462
0.0092154584418
0.00918775907067
0.00961604810124
0.00879030185608
0.0148712987151
0.00899419623392
0.00872250166203
0.007848054555
0.00994678305416
0.00863872642979
0.00787075774475
0.0101027987453
0.0128754646499
0.00876200706149
0.00801023972085
0.00874101181725
0.00774073944557
0.0132631575523
0.0086849238941
0.00904541725155
0.011500290403
