0.00708784935778
0.00690582286573
0.00931311465404
0.00965330844239
0.011724877901
0.0110348221323
0.00724164094223
0.00701620097424
0.00823985080893
0.00985931579692
0.00800932578253
0.010556521245
0.0114905937973
0.0145960645553
0.0119848903642
0.0123924994751
0.00691728834669
0.01164204343
0.00788504530369
0.0223332104622
0.010775521471
0.00887826206169
0.0108037975478
0.0138208835138
0.00718861249531
0.00759178302545
0.00691253391882
0.00746461608565
0.00853059048139
0.0123040235976
0.011763859715
0.007620658466
0.00944195977379
0.0071082877018
0.00751597600355
0.0103655440963
0.0125404246754
0.010367828072
0.0087580428879
0.00724859255462
0.00877688936783
0.0207217164238
0.012668155459
0.0148710867471
0.0145207555849
0.0162944510503
0.00706924485648
0.00700717432463
0.00826156272486
0.0108495751203
0.00689961155087
0.00905963322962
0.00757840696529
0.00892624251154
0.00691443464894
0.00771773193335
0.00733504789866
0.00729479842533
0.00949581204617
0.008322436158
0.0135811731449
0.00704619290771
0.00952332296807
0.00820663160252
0.00822252052533
0.00714882639769
0.0108913783186
0.00991925355869
0.0220815040243
0.00852926261195
0.00791978232106
0.00764824761519
0.00743891232605
0.0196645390453
0.00701291235051
0.00861184869208
0.00836032135352
0.00734719939207
0.00774538343808
0.0152916823831
0.00788532389586
0.0101837129039
0.00956441424366
0.0144824040549
0.00786034693376
0.00759727410271
0.00764039799042
0.009773190094
0.0101298645768
0.0101034200212
0.012473732515
0.00985134510739
0.0171305030428
0.011321834019
0.0101639986564
0.00701270544727
0.013699531035
0.00757452647357
0.00788382388936
0.0120059042107
