0.00751515149551
0.00991000356277
0.0101792606597
0.00771890996911
0.00796541703095
0.00936238515894
0.0138428831715
0.0169048557135
0.00902113781392
0.0110387460244
0.00821178036536
0.0076810938053
0.0088145573306
0.0118004193162
0.0106160366147
0.0153965597662
0.0082934711693
0.0129445482686
0.0141362276985
0.00851835747393
0.0102190558541
0.0103378072522
0.00968208163162
0.0132358066614
0.00790533211171
0.0118349312515
0.00853600860346
0.00845470177091
0.00929711635327
0.0104948778893
0.011954494031
0.0081067581845
0.00803113434247
0.0130252767832
0.0111101984828
0.00902754351715
0.0085660001023
0.0104310598161
0.00804655522035
0.008488538054
0.0112758376216
0.00813894057313
0.00919872613422
0.0115059564211
0.0108046037867
0.00779805727389
0.00935343846645
0.0127075855036
0.00934617165611
0.00929602000372
0.0120801606063
0.00752671587482
0.0133136145763
0.00874514337981
0.00776925142858
0.00779141827583
0.0156575781159
0.00941843300563
0.00925234114814
0.0120009535109
0.00763966396708
0.0144467749571
0.00834609226842
0.0102034170906
0.00832690194935
0.0110035163773
0.00960327852102
0.0131734177571
0.0116945569548
0.0131952333487
0.0108386185259
0.00826199714207
0.00962545040306
0.0102651458343
0.00817429700546
0.0104537346401
0.00781349223041
0.00803446240864
0.00892953765272
0.00954062116569
0.0123445864068
0.00800343961902
0.00865094621153
0.0113248516263
0.00955394315622
0.0077995315621
0.0103070123089
0.0077845568889
0.00945437355421
0.00904604316047
0.0114047101076
0.00800331424234
0.00768211034485
0.0076251206708
0.0088028313197
0.00784379047705
0.0135519241432
0.009390389731
0.0103755684919
0.0118427180922
