0.00832020352006
0.0101256644107
0.00768476169412
0.0075692916912
0.0117533376268
0.0101992453498
0.0210432022432
0.00847449488111
0.00794358658853
0.0103878770077
0.0109567273437
0.0104572219665
0.00744667418394
0.016494437354
0.0106754198021
0.00817242306175
0.00757904787608
0.0083112308064
0.0119496798419
0.00750829217322
0.00814381668629
0.0079940962285
0.0110156028033
0.00910974426021
0.00863918665268
0.00886289164982
0.00839090372877
0.00767541875446
0.00851372557101
0.0116573098967
0.00867149200894
0.00813801096845
0.00888004047357
0.00773920142685
0.007814580058
0.0135803521789
0.00839457363835
0.00760246707281
0.0121035798088
0.0132885959124
0.00933234769343
0.00913340253407
0.00989288391517
0.0135065123537
0.00819868816341
0.0160310933688
0.011021977207
0.00886078536132
0.00861661793556
0.00849404482367
0.00883211089966
0.00815996430977
0.0151037378828
0.00836555674812
0.0114964674431
0.00773590623622
0.00759069519522
0.00806724690793
0.00963345141559
0.0130811046516
0.0075265849413
0.00798650668162
0.00746610222149
0.0132158621469
0.0115341388952
0.00752748855811
0.0103388177514
0.00769992770256
0.0128016271879
0.00745269504799
0.00844313448126
0.0126924314287
0.0163723806679
0.00902089108292
0.00765598212656
0.010179372201
0.0105588929661
0.00836027374943
0.00759633879051
0.01092470187
0.0101239472405
0.0108770794833
0.0157957379661
0.00861231814321
0.0146138781419
0.00986261707697
0.00876792812876
0.0081108690736
0.00833175032262
0.0110202792186
0.00953390920197
0.0198414602467
0.0101974947995
0.0117518991695
0.0076430837108
0.00836357927313
0.00903645418916
0.00963935682796
0.0107572544559
0.0113419485833
