0.0108377661064
0.0100277622644
0.00807016554413
0.0128300111242
0.00981649375377
0.0101155588714
0.00897515723838
0.010565945166
0.00798438032447
0.0089452325085
0.00852092522079
0.0152274350981
0.00882587766932
0.00950754526971
0.00857234435165
0.0116456514038
0.0152717318774
0.00971634329509
0.00932180431967
0.00972701516301
0.0129694992874
0.00824389746833
0.0110478386286
0.00967684877903
0.0127188629796
0.00893100292574
0.00819733557029
0.0107594540446
0.0116359404424
0.0089823514593
0.00786296844632
0.00779808716558
0.00947181358882
0.00857282082
0.00761494033088
0.00873109968548
0.00818689561491
0.00863599598417
0.0111387525503
0.00900848232982
0.00759001138311
0.0101843128891
0.00759354817107
0.00965119805088
0.0100418386322
0.0114651642935
0.0178953782613
0.00835909934894
0.0109141652413
0.00901836482333
0.0108615914253
0.010093409328
0.0118733762039
0.00856384470066
0.0120053647035
0.00789331323178
0.00849071613573
0.00853142222862
0.0093228626476
0.00835210215055
0.0135612448786
0.0122276474912
0.00768597068961
0.00942946332521
0.00874543864613
0.00946503324854
0.00976226924853
0.00846167100223
0.00853222459758
0.00891613817276
0.0103228897918
0.00960043954336
0.0104891081189
0.0110173697674
0.00999039822709
0.0151904506931
0.00752356077515
0.00876026281089
0.00772886379336
0.00772002996785
0.010548003668
0.0174221518898
0.00811086987258
0.0103519435108
0.019564678614
0.0083552955342
0.00806442815043
0.00806188009225
0.0126072319703
0.0094827930554
0.00765409388584
0.00832189619341
0.0119556215881
0.00939930972715
0.0103459125681
0.00926339444899
0.00897084345256
0.0145218332503
0.00984751374906
0.00862871146741
