0.00781670275358
0.00821919027386
0.00949918826566
0.00786349199689
0.0125861969671
0.0151592636582
0.00901951363637
0.00943811674512
0.00957206314657
0.00796122329347
0.00759012633988
0.0102112305728
0.012660776315
0.0108421360961
0.00905466659506
0.00806144548391
0.00760553476663
0.00973455716935
0.00798262512411
0.00773145107475
0.00942919130718
0.00774894232559
0.00915074453225
0.00944444470887
0.00772392530889
0.00812818705403
0.0103588607801
0.00864643191932
0.0100008899033
0.00945456538489
0.00886035977519
0.0101577456634
0.0134581709587
0.00808448970866
0.00920189917529
0.00776966592526
0.0125116426249
0.00785824781542
0.0104714298
0.0133272191923
0.0120359254736
0.00813444864854
0.00809346248852
0.0121296624744
0.0162701802021
0.0119260432881
0.00966431006897
0.0092231950214
0.00955892792102
0.00958516150775
0.00764496159712
0.00846399423484
0.0093620119201
0.0108984443965
0.00773675776435
0.00917228225746
0.00907550243714
0.0126205660221
0.0137322470086
0.0121833884259
0.00967579281278
0.011314044064
0.00848659005586
0.00994515361392
0.010408703332
0.0115207995347
0.00779176663913
0.0118249019279
0.0079518858364
0.00952080881624
0.00760924644404
0.0140779670126
0.00807864764568
0.00890221912507
0.00777162154122
0.00924373611781
0.00883474182081
0.00777864647829
0.0095416508269
0.00909388847736
0.01035114178
0.0181866068802
0.0118646976542
0.00766831775719
0.00865427781275
0.0238216926838
0.0113087822699
0.0094589403421
0.00971419510883
0.00938159982379
0.00990661586908
0.0102816875215
0.010577837331
0.00931669917566
0.0077954656111
0.0113876588121
0.00871241693479
0.0157583975273
0.0103419206816
0.00823020900414
