0.00781185201683
0.00858681046427
0.0118792401393
0.00867845585678
0.0108920360175
0.00848064264569
0.00879960964216
0.00803021372561
0.00795975808494
0.0085967847152
0.00792951993399
0.0126452971338
0.0105911904584
0.00979680043189
0.00936557184624
0.012203804825
0.0103118748462
0.0118669181523
0.00865416442013
0.00824511271727
0.00832784059985
0.0127938478183
0.0115734230307
0.00878781533965
0.00933441377482
0.00884433403315
0.0077794444397
0.00928298693859
0.0107711187132
0.0109008964969
0.00843013294681
0.00865338360772
0.0108682225518
0.00914298490284
0.00892983717633
0.00869574352529
0.00824177612717
0.00835203750356
0.00956591342795
0.0123976073525
0.0128766070936
0.00841332850863
0.0103721538536
0.0101725247945
0.0115997244314
0.0097574493518
0.0093449168099
0.0101102913317
0.0108129961315
0.00806674681112
0.0136941211345
0.00956489449344
0.0102975297699
0.00882280953222
0.00980762329946
0.00936667519327
0.00799909777961
0.0107521951003
0.00786410853785
0.00954153433513
0.00844310549149
0.00820843270606
0.00923850365506
0.00938550548708
0.00816819479285
0.00916580491342
0.0156144733579
0.0105086539064
0.0151013712744
0.00765570976651
0.0135017156126
0.0122534875238
0.00901333588687
0.0099597059071
0.00842332484961
0.00999264036648
0.00958954985986
0.0104638444411
0.00791804787969
0.00960084523817
0.00910130226034
0.0117058898408
0.0179992131993
0.00883301503159
0.00917970636278
0.00887104628073
0.0086917773626
0.0109686683833
0.0120723437988
0.00769685052182
0.0102384466074
0.0089156615467
0.0128623714108
0.0118798162113
0.011053262472
0.00817577888393
0.0102953100288
0.00960681813265
0.0196433910333
0.00776633104063
