0.0114091629407
0.00750831782888
0.0215701970636
0.0424722967489
0.0130939787699
0.00795797150502
0.0170968753235
0.00818963024568
0.0106899646935
0.00740089054594
0.00636255383111
0.00820045947372
0.0102572353375
0.00793479660984
0.00798652276864
0.0163779190712
0.00806576115434
0.00625558491503
0.0103762732692
0.0212052201245
0.00877267058679
0.00679528984262
0.00621528219672
0.00984361683234
0.00623144469357
0.0195739318683
0.0106781026354
0.00651155884547
0.0162001806483
0.00664070552808
0.00818804053269
0.0095384185966
0.0102822423588
0.00741456207017
0.0125175916395
0.00677581599606
0.00704431118223
0.00964561597238
0.0139970185066
0.00632601067466
0.00761688010712
0.00653985622308
0.00714574051052
0.00751623174728
0.00635011585296
0.0144710570106
0.0115123237153
0.00695191672186
0.00635054722607
0.00688838815891
0.00691813837288
0.00827127172037
0.0143776609831
0.00837768231622
0.00666633462883
0.00868112085228
0.0167825975231
0.00628604803438
0.00707560568774
0.00989425270253
0.0072659919396
0.0064652946632
0.00663552471411
0.00683830374176
0.00751492014492
0.0156819429035
0.00812511519924
0.00816287612987
0.00681613917381
0.0101077560571
0.0206273202163
0.00739045664572
0.0247912991816
0.0179011316827
0.014615845688
0.021553098376
0.00672618257121
0.00997283957106
0.00744739509241
0.00937564241482
0.0100564298471
0.00739183393395
0.00691420810019
0.00680622277257
0.00671542349296
0.00642570420449
0.00972862482387
0.0151407354638
0.0062695627804
0.00967458809878
0.0064846474345
0.00724240763015
0.00893193375657
0.00725299219517
0.011524323316
0.00631389353986
0.00722189618175
0.00732225804683
0.00686734392757
0.00742210082356
