0.0133294265982
0.0110786022554
0.010386141278
0.0141439529546
0.00820587629881
0.0116785408165
0.0106063980769
0.00827923935418
0.0115061698313
0.00984358270857
0.0100119034461
0.00880777938765
0.00931047703059
0.00815086870389
0.00764967073106
0.0075715494629
0.00984593013412
0.0109189992531
0.0086330157536
0.0108831452648
0.00841865957502
0.00780019542894
0.0123075959537
0.00952005764572
0.0104501342594
0.0108516040369
0.0149830697418
0.00945227665419
0.0116553511187
0.00774120391902
0.00760333655419
0.0101967353297
0.00905765143774
0.00799685636808
0.0113056189672
0.0167608304963
0.00903725026252
0.00985210877854
0.00850725353253
0.0113549966393
0.0108435251583
0.00777609351986
0.010697727693
0.0118737116581
0.0121870147855
0.00798588324803
0.0127045394477
0.0137118999322
0.0106626193525
0.0130006683992
0.00891355194581
0.00810616954974
0.00820194854129
0.00871386446333
0.00768790682254
0.00820092884501
0.00849507188456
0.0109330064623
0.00787390128679
0.00975858457254
0.00941828559005
0.00949563656666
0.0115253613601
0.00852737151044
0.00768624401223
0.00802379983719
0.00967280187706
0.00981837582256
0.00836296656349
0.0110711122628
0.011324185307
0.00893691678445
0.0119838609989
0.00772521941013
0.00926726850483
0.0086919852498
0.00776743009772
0.0121587491769
0.00904423391276
0.00818922060517
0.0133474896521
0.0106381986702
0.00845973074605
0.00829292848347
0.00862465875037
0.0106069952088
0.0114064785919
0.00941911046293
0.0124003809689
0.00881554838774
0.0140270446462
0.00917691544573
0.00856737622417
0.011519367075
0.00975388051776
0.00924894232952
0.0099219882923
0.00951410772991
0.00806110188116
0.0154840568773
