mean    std    distance0    NDraws    time    dist_threshold1    
1.95430844418    0.954185155556    0.0587810145247    6    0.0125529766083    0.14360582782    
1.98551046217    1.08249208091    0.0599335263447    2    0.00364899635315    0.14360582782    
2.19144911479    0.981375224688    0.131351103427    6    0.0148029327393    0.14360582782    
2.23595231795    1.01902335996    0.110039945821    8    0.0140221118927    0.14360582782    
2.23600505617    1.01778542682    0.137944271111    3    0.00533103942871    0.14360582782    
1.94243773293    0.926728190734    0.120175499523    1    0.00172090530396    0.14360582782    
2.06117135379    0.966909092428    0.0792703417348    1    0.00173282623291    0.14360582782    
1.91975127225    1.12558166184    0.0924421036422    1    0.00171208381653    0.14360582782    
2.12140879485    1.04563949901    0.119329339803    5    0.0079140663147    0.14360582782    
1.82013766979    1.02289142836    0.124565916796    4    0.0064389705658    0.14360582782    
2.08936460929    1.02775192659    0.0464601575973    1    0.00234079360962    0.14360582782    
2.20192854897    1.0524078681    0.125229880013    3    0.00712585449219    0.14360582782    
2.04330999717    1.08595573868    0.062202327878    1    0.00270700454712    0.14360582782    
2.0927336348    1.10075949401    0.107844747772    3    0.00623607635498    0.14360582782    
2.10554411227    1.10708536426    0.113277992378    1    0.00177001953125    0.14360582782    
2.05005118683    1.07492242504    0.052847287482    1    0.00170278549194    0.14360582782    
2.02944277873    1.08532838244    0.130431949388    1    0.00171995162964    0.14360582782    
1.8958300317    1.04419218266    0.0442579149656    1    0.00213718414307    0.14360582782    
1.86465518581    1.0556796797    0.127226676224    4    0.00918102264404    0.14360582782    
2.07676674557    1.06950044081    0.047815879257    3    0.00748205184937    0.14360582782    
2.0389172455    1.00635176656    0.0407328654655    2    0.0053608417511    0.14360582782    
2.05622217623    0.96761406132    0.0928725135647    4    0.010039806366    0.14360582782    
2.00860294634    0.995207911083    0.00674908715014    4    0.0100438594818    0.14360582782    
2.06922143267    1.05873978578    0.0559668356499    3    0.00775408744812    0.14360582782    
2.05213996212    1.06970131412    0.0969030973113    4    0.0102789402008    0.14360582782    
1.87420713045    0.994528063219    0.125891812042    1    0.00284004211426    0.14360582782    
2.00378592466    0.9785408704    0.0472830687911    2    0.00529313087463    0.14360582782    
2.00214766181    0.959599281833    0.0753631007259    2    0.00537109375    0.14360582782    
1.94480258751    1.0885878299    0.0553929622495    1    0.00307703018188    0.14360582782    
1.87918152554    1.04446110588    0.0591117994023    1    0.00293588638306    0.14360582782    
1.88460185979    1.06279301881    0.104952742704    2    0.00568795204163    0.14360582782    
1.81164637903    1.03396831261    0.13972399182    7    0.0154869556427    0.14360582782    
2.09794030505    0.994917373926    0.0683569218906    1    0.00170493125916    0.14360582782    
2.13435780798    1.09330818582    0.110862998632    1    0.00241279602051    0.14360582782    
1.9193976275    0.969081984772    0.1114419861    5    0.0105140209198    0.14360582782    
1.8451023143    1.00187602027    0.0706878864185    2    0.00481605529785    0.14360582782    
1.88433635221    1.0100246974    0.0862299719731    2    0.00468897819519    0.14360582782    
1.991309357    0.990164668297    0.020692029772    1    0.00270199775696    0.14360582782    
1.77260346125    1.00221234261    0.0977194110448    3    0.00719809532166    0.14360582782    
2.03387346135    1.08353246499    0.125401000379    2    0.00536322593689    0.14360582782    
2.07930755444    0.941712922554    0.134699764011    4    0.0112419128418    0.14360582782    
2.07873463484    0.938670300658    0.126404100764    1    0.00273299217224    0.14360582782    
1.85749354565    0.977754440658    0.0890179672141    1    0.00285601615906    0.14360582782    
1.87578330547    1.00223029634    0.0630891373937    1    0.003005027771    0.14360582782    
1.84951673095    1.02575016563    0.106276000861    3    0.00776290893555    0.14360582782    
1.93514494248    1.07661846196    0.0875465383206    5    0.0125391483307    0.14360582782    
2.10351649945    0.982850848406    0.0787561416133    1    0.00270199775696    0.14360582782    
2.03566849874    0.979599853497    0.0200966074739    1    0.00283813476562    0.14360582782    
1.85523365257    0.990817586343    0.118681185409    1    0.00283598899841    0.14360582782    
1.92327172646    0.924584797113    0.138518450967    2    0.0051109790802    0.14360582782    
1.94185701249    1.06359704789    0.0766073342547    1    0.00278401374817    0.14360582782    
2.04582291908    1.10049250831    0.0943739806641    1    0.00295186042786    0.14360582782    
1.86597281326    1.10942289506    0.0827185986603    2    0.00515723228455    0.14360582782    
1.84699548183    1.08176862723    0.112162320259    1    0.00262904167175    0.14360582782    
2.16606448308    1.08702880773    0.120283963425    2    0.00535607337952    0.14360582782    
1.9921091458    0.957930357223    0.0754464860166    1    0.00287485122681    0.14360582782    
2.14702057978    1.0296975954    0.123404737621    2    0.00554704666138    0.14360582782    
1.91291008389    0.949678286329    0.105970638196    3    0.00770688056946    0.14360582782    
2.02268265465    1.10615358164    0.121677493424    4    0.0105559825897    0.14360582782    
1.90908774374    1.00120477297    0.087829203114    11    0.0288438796997    0.14360582782    
2.07874269553    1.05376042061    0.0678161048507    1    0.00257611274719    0.14360582782    
2.13381159998    0.975240069687    0.0919615390733    5    0.0125679969788    0.14360582782    
2.19557432848    1.06822135424    0.140426349922    1    0.00266408920288    0.14360582782    
2.10743701098    1.01802364295    0.088933124073    2    0.00502991676331    0.14360582782    
1.94772791386    1.02288523512    0.0339153953816    1    0.00295305252075    0.14360582782    
2.20670658266    1.01965120001    0.115157705734    1    0.00303101539612    0.14360582782    
2.08153993198    1.07051255029    0.0990917712543    2    0.00511693954468    0.14360582782    
2.23119252632    1.00921112292    0.118284546981    3    0.00832104682922    0.14360582782    
1.88085861166    1.01838759938    0.0772053822173    4    0.010458946228    0.14360582782    
2.28063016023    1.06104461544    0.142170085794    2    0.00512003898621    0.14360582782    
2.00534716208    1.14339880009    0.132428650202    2    0.00549101829529    0.14360582782    
1.84985387755    1.02993684928    0.075876368812    4    0.0102109909058    0.14360582782    
2.01544060969    1.07164833778    0.0659204542272    3    0.00825500488281    0.14360582782    
2.10960513356    0.985476848889    0.10622366502    2    0.00636291503906    0.14360582782    
2.06049980593    1.0251217631    0.0444530870516    2    0.00558996200562    0.14360582782    
1.89197466122    1.09335465652    0.103234906514    1    0.00316905975342    0.14360582782    
2.00525891692    0.910101445856    0.0877613313772    5    0.0129129886627    0.14360582782    
1.95364398992    0.988954481012    0.0749122551883    2    0.00523591041565    0.14360582782    
2.15726107304    1.09518502141    0.0951258938596    1    0.00330996513367    0.14360582782    
2.10297212985    1.06031566941    0.0609214123876    3    0.00796699523926    0.14360582782    
1.96705042482    0.948117143792    0.14289312235    6    0.0157799720764    0.14360582782    
2.14979457483    1.03038784175    0.0994522001582    4    0.0102341175079    0.14360582782    
1.86173405455    0.990584731222    0.112907180456    5    0.0133709907532    0.14360582782    
2.00859931548    1.06105539763    0.0231222067425    3    0.00824213027954    0.14360582782    
2.01334138166    1.05443190776    0.0573601756807    3    0.00786590576172    0.14360582782    
2.06471372348    1.11582065153    0.124795897114    3    0.00917291641235    0.14360582782    
2.11687475228    0.994976672694    0.0853451552563    2    0.00587296485901    0.14360582782    
1.94958954236    1.06909644364    0.098197171125    1    0.00306487083435    0.14360582782    
1.84664044333    0.997751678779    0.0934479794703    2    0.00570511817932    0.14360582782    
2.06194208568    0.949869703939    0.0650782916427    1    0.00277280807495    0.14360582782    
1.9855525442    0.881425695804    0.130789772048    1    0.00276708602905    0.14360582782    
2.15733095587    1.00887698939    0.0841217254513    1    0.00295305252075    0.14360582782    
2.01010733713    0.963771183441    0.0797698310922    1    0.00319385528564    0.14360582782    
1.9580180552    1.11258701255    0.088007090437    5    0.0136480331421    0.14360582782    
1.94487739448    0.996135120505    0.0473951299763    1    0.0028178691864    0.14360582782    
1.93085965342    0.93855269649    0.111182444869    3    0.00768208503723    0.14360582782    
1.98052316162    0.907797420537    0.133266315856    2    0.00388693809509    0.14360582782    
2.20950503185    0.951149710849    0.136799123515    1    0.00304698944092    0.14360582782    
2.05662478181    0.931931162352    0.0815914651839    4    0.00775790214539    0.14360582782    
1.98269884359    0.975409664984    0.0339632236284    2    0.00489902496338    0.14360582782    
