mean    std    distance0    NDraws    time    dist_threshold1    
1.99118482568    1.11408355292    0.0881078176353    4    0.0101938247681    0.174195263836    
2.0447784681    1.0105683975    0.00995349041875    1    0.00246596336365    0.174195263836    
2.07487049937    1.15511831022    0.140641343275    2    0.00392985343933    0.174195263836    
2.01214845021    1.01432548588    0.0116460061875    9    0.014949798584    0.174195263836    
1.92710560931    0.984447993086    0.0454734639002    2    0.00329804420471    0.174195263836    
2.10831871764    0.991047949362    0.0603798620196    4    0.00629806518555    0.174195263836    
2.00852471727    0.931332435013    0.10024850021    1    0.00175881385803    0.174195263836    
1.89461142231    0.914084060221    0.116990002181    3    0.00476908683777    0.174195263836    
2.05420807603    1.06467541066    0.0568117071625    5    0.0121021270752    0.174195263836    
1.97158596373    1.107622562    0.0368674713902    5    0.0102610588074    0.174195263836    
1.85282422364    1.19109189909    0.141768374799    7    0.015102148056    0.174195263836    
1.75177000171    1.02542828095    0.1562625763    2    0.00402998924255    0.174195263836    
1.85298548855    1.0545255187    0.103256609934    1    0.00168991088867    0.174195263836    
2.25963017095    0.961066584059    0.172582155754    2    0.00329184532166    0.174195263836    
2.01251425884    1.14660599588    0.0975693284441    4    0.00663495063782    0.174195263836    
2.16002399392    1.02886605932    0.0443717148018    2    0.00320816040039    0.174195263836    
2.11529325077    1.10251031504    0.128489109566    6    0.00944709777832    0.174195263836    
2.05438735928    0.88315409666    0.165125801077    3    0.00477004051208    0.174195263836    
1.87725505851    1.11290123499    0.169727097778    3    0.00510287284851    0.174195263836    
1.97240507672    1.11388954648    0.0713732916532    1    0.00174498558044    0.174195263836    
2.11390428009    1.0998019759    0.0823043974924    6    0.0097279548645    0.174195263836    
1.81296632127    1.04620385424    0.103977194235    2    0.00346493721008    0.174195263836    
1.88874498649    0.967396252452    0.10197730468    1    0.00283312797546    0.174195263836    
2.12041451025    1.07811354545    0.0805015528726    1    0.0026581287384    0.174195263836    
1.85451454847    1.00232047009    0.095367910382    1    0.00291609764099    0.174195263836    
1.76763879894    0.964377399975    0.173234521051    3    0.00785684585571    0.174195263836    
2.0689353777    1.07703294917    0.0533895590596    1    0.00192308425903    0.174195263836    
2.001093134    1.06214502763    0.0506606955218    2    0.00326585769653    0.174195263836    
1.75110616872    1.00792680415    0.157150877298    1    0.00171589851379    0.174195263836    
2.16249805745    1.10259363721    0.123526215033    3    0.00491189956665    0.174195263836    
1.89215642312    1.06006956472    0.0717971363409    9    0.0203981399536    0.174195263836    
1.99771764773    0.947590940891    0.0703766562222    4    0.00923085212708    0.174195263836    
2.02756674574    0.913311392344    0.110198435468    2    0.00483083724976    0.174195263836    
2.12546047002    1.02514908474    0.0800205790305    1    0.00251984596252    0.174195263836    
2.0802433608    1.02935713414    0.0656463788435    5    0.0107960700989    0.174195263836    
2.07451816326    0.930834094819    0.0930839763363    1    0.00174617767334    0.174195263836    
2.15541009607    0.996702307035    0.0947719910405    1    0.00231194496155    0.174195263836    
2.12065812556    0.919635737382    0.149695740982    2    0.00351905822754    0.174195263836    
2.02484557692    1.12433931539    0.165979952689    2    0.00542998313904    0.174195263836    
2.03964104836    0.887238077665    0.159810655742    1    0.00289607048035    0.174195263836    
2.05654080444    0.995687987696    0.0574198921188    2    0.00514101982117    0.174195263836    
2.1429847613    1.09629116187    0.142605024522    1    0.00264501571655    0.174195263836    
2.20735464472    1.00150030578    0.126171581739    1    0.00281405448914    0.174195263836    
2.08206796688    1.01586960199    0.0722594876208    3    0.0065290927887    0.174195263836    
1.82191556459    1.01209504518    0.102298785935    2    0.00368499755859    0.174195263836    
1.99924267931    0.920385908973    0.124756736452    7    0.0110340118408    0.174195263836    
1.92096158518    1.02890278033    0.053796095636    4    0.00716400146484    0.174195263836    
1.85139486013    1.02558361423    0.0783357773715    6    0.00912094116211    0.174195263836    
2.22833342924    1.06121763947    0.144424666883    1    0.00217294692993    0.174195263836    
1.80362623103    0.944262148389    0.169982554304    4    0.0114119052887    0.174195263836    
2.15552944621    0.987360667923    0.109135355815    1    0.00287413597107    0.174195263836    
2.00790310639    0.874043945165    0.144855255278    1    0.00287294387817    0.174195263836    
1.82082343013    1.00203426368    0.109065810996    1    0.00372099876404    0.174195263836    
2.08934000284    1.13072386995    0.0925317060641    4    0.0100688934326    0.174195263836    
1.96718664052    1.09102995811    0.0470285179649    1    0.00255513191223    0.174195263836    
2.23092527133    0.988978874255    0.146762436062    1    0.00251793861389    0.174195263836    
1.90382292944    0.932641340832    0.154195512646    7    0.0166900157928    0.174195263836    
1.84759344574    1.10977147236    0.162546813747    2    0.00509810447693    0.174195263836    
1.83142290484    1.03509187497    0.135041792354    1    0.00257992744446    0.174195263836    
1.94141925319    1.00042894312    0.0938742367656    4    0.00938296318054    0.174195263836    
1.75368183012    1.09798721638    0.170478085926    5    0.0117568969727    0.174195263836    
1.98677737501    1.14774920663    0.108946906923    3    0.00711011886597    0.174195263836    
2.0555065611    1.01149502692    0.0497551335277    3    0.00713300704956    0.174195263836    
2.10615915936    0.927889229014    0.129699554429    3    0.00615096092224    0.174195263836    
2.01018412691    0.947750048936    0.124118807229    3    0.00626707077026    0.174195263836    
2.16565864413    1.00944174471    0.100838137957    2    0.00368094444275    0.174195263836    
2.05789323913    1.0981705102    0.122356365397    1    0.00244998931885    0.174195263836    
1.9194850074    0.9642941168    0.0747472534603    2    0.00470995903015    0.174195263836    
2.25709515102    1.05790294871    0.163556434993    1    0.0024561882019    0.174195263836    
2.22285519571    1.00981934386    0.116535206556    2    0.00477290153503    0.174195263836    
2.15527515949    1.02153648432    0.114221564156    1    0.00249290466309    0.174195263836    
2.21642147487    0.928150381639    0.165851073836    1    0.00255107879639    0.174195263836    
1.92021530384    1.02463084795    0.0527526811921    3    0.00693917274475    0.174195263836    
2.10487693091    0.937252075203    0.155160562355    4    0.00923705101013    0.174195263836    
1.73660901126    1.08131329716    0.139393339823    2    0.00485014915466    0.174195263836    
2.02274076855    1.06628375401    0.0887724120515    3    0.00710892677307    0.174195263836    
2.03453979461    0.98049043797    0.0748868530065    1    0.00262093544006    0.174195263836    
2.17974250906    0.968894224294    0.164536683072    2    0.00477504730225    0.174195263836    
1.91277071305    1.20756043009    0.144449784336    1    0.00270009040833    0.174195263836    
2.07901009033    0.922782845455    0.157965869073    1    0.00284504890442    0.174195263836    
1.85068530368    1.04892294118    0.103258233578    4    0.00944209098816    0.174195263836    
1.990483164    0.959343164545    0.0334439904918    1    0.00260806083679    0.174195263836    
1.78124121649    1.02853577858    0.113026853733    2    0.00463891029358    0.174195263836    
2.25081893907    1.03941953756    0.135705646758    3    0.00702905654907    0.174195263836    
2.1678884787    1.03196756272    0.129760170446    2    0.00507807731628    0.174195263836    
2.17251877863    1.09882192383    0.0858897068122    5    0.0121049880981    0.174195263836    
1.98629552672    1.09987132531    0.0663984223073    1    0.00274395942688    0.174195263836    
2.08373274629    1.02202941414    0.0788398804955    1    0.00258994102478    0.174195263836    
2.04272606604    1.15867731044    0.0866398280787    1    0.00262689590454    0.174195263836    
1.85360511066    1.10879680667    0.100019642163    4    0.00985789299011    0.174195263836    
1.81565730095    1.04416042316    0.147753221092    1    0.00256514549255    0.174195263836    
1.8645406996    1.09575220615    0.111962333473    3    0.00721192359924    0.174195263836    
2.17865823752    1.0344200475    0.101729936709    1    0.00274705886841    0.174195263836    
1.70900509512    1.06262175422    0.168880012991    1    0.00268316268921    0.174195263836    
2.09710605217    0.9547684535    0.117184367283    1    0.00196814537048    0.174195263836    
1.92555680939    0.968702804233    0.125558110626    3    0.00519585609436    0.174195263836    
1.78219231016    1.03596546302    0.103013447455    1    0.00183510780334    0.174195263836    
2.03037502233    1.10190076045    0.0775175273351    1    0.00165390968323    0.174195263836    
1.86268065927    0.999793199631    0.0557429301437    1    0.00166797637939    0.174195263836    
1.71454356592    1.04387309804    0.164966613956    1    0.00250697135925    0.174195263836    
