0.00680393256941
0.00710910382558
0.0112015967908
0.0145827151858
0.0123097924511
0.0069238842604
0.0169265412299
0.0238787406863
0.00684038713378
0.00640673975733
0.0120888885787
0.007235926974
0.00925530313431
0.00708860320554
0.0102378701068
0.00711179254194
0.014404558058
0.00758554661551
0.0159770080753
0.0120107617663
0.00750323466998
0.00644913779929
0.00847812679951
0.00665604726097
0.00710147625063
0.0302582838657
0.00650548089035
0.00785331647071
0.00844622119867
0.00837156536416
0.00986378607016
0.00932382527263
0.014215418395
0.0090619706262
0.00748488168533
0.00990472195118
0.00824221794453
0.0102820258325
0.00637834165777
0.0112849835609
0.00856445535689
0.00947688409103
0.00745940655637
0.00678786287153
0.0118781482645
0.0218313752675
0.0184882375297
0.0131098005011
0.00732227961244
0.0111827682559
0.0104310184514
0.0135841546708
0.0172743373065
0.00792595596734
0.00738568630273
0.00718056385667
0.00675070451018
0.00654366129967
0.028219389817
0.0113914210363
0.00649100646219
0.00699462116396
0.0115531471501
0.0066227728837
0.00819793852921
0.00945766296239
0.00870708975503
0.00694848920093
0.00683659525018
0.00692908492876
0.00929559259876
0.0088837186143
0.00812647384347
0.0079203347851
0.00863821258556
0.0114718445937
0.00995829407085
0.0115288719374
0.0129911637187
0.00697413134018
0.0066140596422
0.00646377188013
0.00658055664894
0.0064634928441
0.00789645613428
0.00702589997753
0.0113731873772
0.0114700028846
0.00855409597446
0.0092043818907
0.0142241341465
0.0064291595931
0.0108147412187
0.00794287609046
0.0257583637483
0.00647166397445
0.00636973592887
0.00709556084551
0.0067818349233
0.00950610986361
