0.00978728189856
0.00894467997927
0.011108054857
0.0127700508434
0.0127633170338
0.0119580071056
0.00904203771357
0.0115920815366
0.00910777210574
0.00984613424941
0.00846420892179
0.0117585427638
0.00924368162312
0.0106195710259
0.011338904291
0.00891303722726
0.00913327657776
0.0086165429623
0.00914596679694
0.00900510769762
0.00815815014695
0.00899051757465
0.00823537303322
0.00865601655217
0.00877777099341
0.00930040520983
0.00857890668736
0.00921282938242
0.0092921323992
0.00880338599038
0.00902957443851
0.00998839557809
0.00871702733964
0.0112212417683
0.00950901668888
0.00966727319332
0.00881884369497
0.0083406743722
0.0120307891579
0.00909192619299
0.0103046228013
0.0104793953575
0.0102890047968
0.00908279228569
0.00920009250506
0.00894237605511
0.00900542645914
0.0085720190787
0.00978960928156
0.0126294924503
0.00857228660986
0.00992038233443
0.0112833977306
0.0101772847753
0.0119669004051
0.00932013171376
0.00942427330252
0.0106920261319
0.0100493484704
0.00866322997653
0.00865063008041
0.00969001831426
0.0121700533569
0.00866576847368
0.00816005835088
0.0112793271789
0.00909293213426
0.0124655401796
0.00876924385109
0.0183541200213
0.012888403782
0.00917742611884
0.00864898322648
0.00903129054948
0.00820795996488
0.0099719359373
0.0127331943911
0.00852772681458
0.0121807009187
0.00911019202689
0.00998903765614
0.00949568000628
0.00965951177309
0.00839083959005
0.00827956812076
0.0111186560173
0.00897118595217
0.00865996928163
0.00975130957771
0.0097341492071
0.017517515941
0.0096317115291
0.00903303372152
0.0103875668633
0.00844043537409
0.011155985899
0.013313772268
0.0132798415765
0.0107482613616
0.00872386248567
