0.00777240247667
0.008186548577
0.00800657508035
0.0157745492761
0.0082220415216
0.0100345781807
0.00814587997429
0.0111512903658
0.0102863422619
0.00837635965805
0.0126337799712
0.00869888169789
0.00836090938252
0.00888271290661
0.0121697456992
0.0115417504338
0.00827255883687
0.00778649352922
0.00960506861264
0.00997659050447
0.00857011795437
0.0123996853485
0.011604862412
0.0113601972453
0.0120414635022
0.0107140884
0.0120643181071
0.00775091414666
0.0133510117413
0.00798017059979
0.0192880772758
0.0105517245319
0.0100854665083
0.00792740050611
0.00943267691735
0.0108181390802
0.00896403254921
0.00806906357658
0.00814007495467
0.00764579234748
0.00836641276922
0.00805611951959
0.00783414676843
0.00924839260355
0.00903031464649
0.0110385903591
0.00828655796188
0.0134194125281
0.00834139615591
0.00880279819759
0.0154351121221
0.0132363059727
0.0109178245294
0.0154321819228
0.00905311716746
0.00820050404302
0.0092779226678
0.0097055335969
0.00923944455077
0.0102296200684
0.00859589469087
0.00835207041204
0.00816892004984
0.0104113254031
0.0112259641845
0.00912604004789
0.00859453442365
0.0166358293176
0.00890146490002
0.00888776352705
0.00785497998296
0.00873707824624
0.00987471270759
0.0194508870493
0.0106828083098
0.00795900921358
0.00935941111226
0.0101933843064
0.00778458252775
0.00766060347862
0.00904881754877
0.0112082217418
0.0111698279915
0.00787985685612
0.00833368105297
0.0085266027215
0.00774260568369
0.010872439654
0.00804438475109
0.00798515393631
0.00772866215221
0.00850913454554
0.00768245963697
0.00807870986907
0.00985468033432
0.00893305129567
0.0188327012168
0.00876188397953
0.0108499895404
0.0157038267978
