0.0173517826895
0.00720229524673
0.0213744109375
0.00684307237947
0.0071254351266
0.0112427589232
0.00993186088866
0.00742108078417
0.00863727500331
0.00690063191629
0.0122025534655
0.00723547957048
0.00824990894482
0.0073001307929
0.00795579965946
0.00881845415428
0.0100688242861
0.0145273783896
0.00853816036032
0.00797608584011
0.00774512336121
0.0073518650383
0.00847780976729
0.00912696617806
0.0072953432485
0.00746130640377
0.00847596116383
0.0067066188698
0.00987170968931
0.00873517668724
0.0102636269967
0.0101050083454
0.00895127991445
0.00731566999819
0.00861283807815
0.00698937619908
0.0164937054241
0.00757271175642
0.011691074164
0.00845721582209
0.0138410931785
0.0136214316198
0.00938171601495
0.00813176143568
0.0121425153408
0.00789565863204
0.0108607616519
0.00861105017885
0.00830508032969
0.0174966653996
0.00676069680915
0.00823266796646
0.0125408901987
0.0103203116067
0.00729930149252
0.00824992784388
0.00967961477337
0.0319897214229
0.00952663329786
0.011332314236
0.011173055872
0.00892676695331
0.007465902645
0.00912097884691
0.00807775215297
0.00722356785343
0.0153352770351
0.00672729452392
0.00797805589958
0.00807751548635
0.0067100679932
0.00830683989431
0.0078274414483
0.00953986348167
0.00678116344441
0.00771851856159
0.035358690871
0.00911563110699
0.0159272818044
0.00925468337087
0.00699723331508
0.00908658176956
0.00679601011765
0.00880841351598
0.00874099843525
0.00762706564733
0.00845611728904
0.00888240990733
0.0129030966247
0.00859676661555
0.0118034879812
0.0104168559804
0.0252657960032
0.0071182758246
0.0137388439066
0.00734194813082
0.0073509751129
0.00689113810066
0.00766890496738
0.00803915161538
