0.0105153978545
0.00804768279288
0.00868545955376
0.010698387678
0.00800134307941
0.0111991022514
0.00986868176616
0.00936021670136
0.00830263484997
0.00892281334756
0.00966333801933
0.00806784101195
0.0112363417614
0.0115477459975
0.00988816306346
0.00943452508034
0.0116789540742
0.00983214040424
0.0111975115788
0.0095662320895
0.0212111439267
0.00954906364296
0.0106322819569
0.0120108883833
0.00789438433163
0.00859523954925
0.0103522639274
0.00798804381365
0.009191942427
0.0134093166253
0.0139607940745
0.0136507964351
0.0181764754123
0.0116237269672
0.00886625490718
0.00971781908567
0.0122421751292
0.0104854771657
0.00844947190014
0.00922807160513
0.00793853182389
0.0103979513115
0.0100848369776
0.0122926249978
0.00879176303491
0.00903807910373
0.00970224479169
0.0100174756557
0.00893458997857
0.00845840118266
0.0108157078533
0.00804141579745
0.00769211126288
0.0152724718703
0.0092027799297
0.00817498050714
0.0101718726069
0.00783964541567
0.0128728594204
0.00870376395272
0.00915698329716
0.0102058280915
0.00941063296848
0.00800360786675
0.0150398906976
0.00847161760903
0.01004610415
0.0102228806173
0.0108283837548
0.0110257239571
0.0091678391259
0.0143671360935
0.0109777181457
0.00956491557825
0.00965701540632
0.00777636033495
0.0122087800359
0.00768758454236
0.0117124062199
0.0100789285923
0.00768658609874
0.0106494418757
0.0100293508973
0.0107050253034
0.00771267016726
0.00917094894816
0.00802760062254
0.00913065061149
0.0092583818081
0.00802258444356
0.0083554205375
0.0124303672787
0.00772753680789
0.00796208132011
0.00777469174473
0.00804371897215
0.00824057502273
0.00828402474258
0.00784174642591
0.0099420075901
