0.00826069753691
0.00897101804061
0.00904687840229
0.00909221899115
0.0100957275858
0.00821740656866
0.0102439681728
0.0110046798664
0.00800545938726
0.00799506283955
0.008378123858
0.00798499221026
0.00783977214873
0.0151171514578
0.0110049312854
0.0110061505193
0.0113189827443
0.013305820813
0.00995120318742
0.00821430651353
0.0132141189825
0.0105776286322
0.00860758458201
0.0111114715639
0.00817450763487
0.0132516726528
0.0121388951522
0.00815316143011
0.0099865436144
0.00806459489118
0.0131765685751
0.00908662130879
0.00909449742703
0.0119922892361
0.00798741710536
0.0115557096734
0.00824295093875
0.00993372251867
0.008327181609
0.012336583362
0.00958746112378
0.00851504105672
0.00944992063778
0.00899801680679
0.00917181448104
0.0103223628661
0.0109251304491
0.0112058231768
0.0119411866996
0.0125586412033
0.00943753119528
0.00939633626884
0.00793201176096
0.014652757657
0.0109910209686
0.0119346285641
0.00963534889497
0.00912083261844
0.00924040376043
0.0106528889798
0.00823705926613
0.00870175569403
0.00835244541982
0.00787264032835
0.00958503600863
0.00803601178547
0.010562037104
0.0125490064293
0.0104854487291
0.00813002798064
0.00783145722992
0.0146945239621
0.0116688678583
0.0101703969136
0.0124657616571
0.00829949071565
0.00786047648158
0.0121498128749
0.00970765967303
0.00799377546588
0.0087910835192
0.00910873330089
0.0096016982928
0.0121732077532
0.00968677308923
0.0101889297586
0.0118684005909
0.00915126994919
0.010000693323
0.00916270673194
0.0103849835695
0.00797030607828
0.00939150494044
0.0115373618329
0.00781498938028
0.00878851095074
0.00972389801375
0.0112044179801
0.0139389886745
0.00842041850445
