0.013079409027
0.00780093280002
0.0136286213702
0.00875419190328
0.0100534954145
0.0115644085775
0.0125008848023
0.00980958984988
0.0127200640807
0.00782476396245
0.00780175017519
0.00929824988231
0.00794667871322
0.00984225588683
0.0101030841025
0.0128361826862
0.0086473259449
0.00962488155382
0.00916257187776
0.00937885013062
0.00773430442042
0.00783262677632
0.00938475953367
0.00877504809432
0.0126484775974
0.00891690846157
0.0112342243084
0.0115287769459
0.0137289965395
0.0123387145061
0.00781330336232
0.0107023306703
0.0119819120025
0.0118417539676
0.00790092946561
0.009829120691
0.012944539192
0.0117082136572
0.00823878567906
0.00811085730259
0.00857180877083
0.0120519455452
0.00806438523747
0.00785968682093
0.0121841244563
0.00949915356605
0.0135821851695
0.0116679922985
0.00868793446568
0.00974650496502
0.0096027034541
0.0103990972011
0.00870751401188
0.00817640839501
0.00811315126182
0.00796137439846
0.0138322691333
0.0137175096224
0.00898472579505
0.0102963811712
0.00766061526445
0.00986149753753
0.00854281984347
0.00829761793252
0.0102450702267
0.0108242652474
0.0125247857699
0.00852759397241
0.00937856500789
0.0105652268423
0.0077002493057
0.0135566028265
0.00889216431351
0.00872816943046
0.0085756888937
0.0104878462555
0.00763868180544
0.0108938948687
0.00776278660027
0.00815062518279
0.011404644837
0.00982891144534
0.0119405152784
0.00786703243119
0.00929675916918
0.00915218188
0.01529141407
0.0101398282502
0.00811171348993
0.00999077551503
0.0077726280512
0.011227339858
0.00762529653395
0.0112475154013
0.011389163376
0.00872124261361
0.00895008939615
0.0104646327754
0.00772658016479
0.0137573366813
