0.012266028774
0.00841030762586
0.00818870901631
0.00834805619681
0.0164848178016
0.0166770369477
0.0101482725037
0.00757968757072
0.00762035822613
0.0117857789612
0.00778510164095
0.0130797911727
0.00831611937625
0.0079875373696
0.00770254557363
0.00961909796888
0.0107849810402
0.00795832452459
0.00765400073175
0.00808287801123
0.0111066933253
0.00885532553265
0.0112231580891
0.00852377564025
0.0108742001734
0.0121612081973
0.00790520257497
0.0126944281879
0.0104235913231
0.00873083590982
0.00885597512235
0.0097887141009
0.0076512870638
0.00819271270675
0.00995113849505
0.00795957860174
0.00862418885315
0.0091598934562
0.00818345684684
0.0082240255466
0.00965720120078
0.0079158321651
0.0105263900536
0.008250934663
0.0116495484835
0.010010802097
0.0138354316415
0.00891487791473
0.00876916615411
0.00852794822672
0.00959332869065
0.0143416916718
0.00861155498176
0.00973070195611
0.0124496046327
0.00838509772752
0.00797960555955
0.0083674505682
0.0101674932063
0.00932379279346
0.00825998255601
0.00923062792588
0.00856351567632
0.00795335857545
0.00792301535193
0.00951218496358
0.0124445044491
0.00827226862951
0.0101737952393
0.0135162770231
0.00986519124547
0.00991039828628
0.0089621057722
0.0138196943796
0.0135506924833
0.00839550295285
0.00826411378922
0.00765334877052
0.0117151459731
0.00808628157648
0.0080368301187
0.01331896601
0.0238317286733
0.00829690495466
0.00886814784079
0.00809052045719
0.0112624127958
0.0155212453218
0.010293005208
0.0103684236387
0.00929029346283
0.00798824588499
0.00844406603391
0.00834815436481
0.0216212384713
0.00922206315208
0.0134270126794
0.00815905456696
0.0086494773798
0.00831292819668
