0.00969891435626
0.00776664039637
0.00849275032895
0.0123156206241
0.00761658297523
0.00802358737515
0.00987696367039
0.0076687395599
0.00781566674148
0.0119133511446
0.00952737429889
0.00872979543347
0.0145436559462
0.0109976274049
0.0113444580214
0.0111343482907
0.0127173656688
0.00757217911426
0.0101944812721
0.00753866706256
0.00804346316109
0.0128915549
0.00755478572951
0.00860695719557
0.0142997285684
0.00914021562749
0.00855003332191
0.00799667470892
0.00776518454206
0.00976655670399
0.00799614155909
0.00822436762195
0.00796616193092
0.00855981689896
0.0075890172303
0.0295890608693
0.0183122791238
0.0080189698285
0.00841668994127
0.00901980138057
0.00957521544796
0.00847303840162
0.0110452573787
0.0118445343553
0.00842201158413
0.00890811071917
0.00972445892746
0.00835435098216
0.0144227430451
0.0190337612463
0.00810484575988
0.00807256310006
0.011330665627
0.00860845929071
0.00750400089516
0.0102433731491
0.00772761548534
0.0103232177763
0.0087960795498
0.00947271959698
0.00789997680284
0.0133286703192
0.00985789066003
0.0104488464033
0.00770226697547
0.00847698891401
0.013196914955
0.0124168012568
0.0100808527706
0.00865920963768
0.00791269314254
0.00838168543708
0.00874399960308
0.00803808948441
0.0083816693593
0.0129141512911
0.0111948886031
0.00814660259866
0.00811023021215
0.0129403208536
0.00838749269485
0.00854931656392
0.00926890027837
0.00899509023676
0.0134604270593
0.0098181598565
0.0077444096734
0.00836966143335
0.00927109121619
0.0127609910881
0.0137821434211
0.010723462963
0.0129680073654
0.00820627122277
0.0128203782527
0.00816280112174
0.00863216693158
0.00852900467345
0.00837457888739
0.0105596429328
