mean    std    distance0    NDraws    time    dist_threshold1    
2.01655937787    1.06857341479    0.0095579655613    1    0.00356101989746    0.0317099670634    
1.97150493476    1.01292982104    0.0258663417794    20    0.0370540618896    0.0317099670634    
1.92570766813    1.00270080959    0.0230292386553    2    0.00328207015991    0.0317099670634    
2.02550413297    1.099638806    0.0177791729415    2    0.00367283821106    0.0317099670634    
2.03433898816    0.992928396473    0.0272815663188    4    0.00974607467651    0.0317099670634    
2.02603612163    1.01079180683    0.0235371235819    1    0.00261092185974    0.0317099670634    
2.03519539676    0.985403518734    0.0271387798189    3    0.00546789169312    0.0317099670634    
2.00664634533    0.999393296561    0.0197445232188    1    0.00175213813782    0.0317099670634    
2.03586718651    1.0018032256    0.0274219561628    1    0.00198888778687    0.0317099670634    
1.9723573235    1.01369595418    0.00498856414127    7    0.0103588104248    0.0317099670634    
2.00950786899    1.02902588697    0.0253118483822    3    0.00706815719604    0.0317099670634    
1.96238769968    1.02317327757    0.0310249441064    1    0.00279498100281    0.0317099670634    
2.02158583712    0.99519382933    0.0268956223649    10    0.017315864563    0.0317099670634    
2.02644023665    1.01139711028    0.00918115699136    2    0.00341105461121    0.0317099670634    
1.98348234576    1.00053096135    0.0243807364401    3    0.00484299659729    0.0317099670634    
1.94234002056    1.05632525255    0.0312543072762    7    0.0100359916687    0.0317099670634    
2.02315204715    1.04849377328    0.0127883351024    4    0.00582003593445    0.0317099670634    
1.99786832832    1.01999298867    0.020434851587    3    0.00456881523132    0.0317099670634    
1.94995451312    1.01521645839    0.0300576242648    10    0.019633769989    0.0317099670634    
2.07614852387    1.01277525968    0.0217509103877    9    0.0171029567719    0.0317099670634    
1.98635072215    0.9954916585    0.0186048618525    9    0.0146880149841    0.0317099670634    
1.98464133173    1.01209597635    0.0251329384085    2    0.00381302833557    0.0317099670634    
2.00132221877    1.02664752689    0.0220180783696    1    0.00172686576843    0.0317099670634    
1.99817438006    0.990827576375    0.0272332216621    1    0.00176382064819    0.0317099670634    
2.00321713071    1.02355529692    0.0262707264109    1    0.00166893005371    0.0317099670634    
2.07527349091    1.01606205958    0.0240334117596    7    0.0102450847626    0.0317099670634    
1.99867204862    1.06874771065    0.0317066349245    6    0.00891590118408    0.0317099670634    
1.99176317592    1.03518405255    0.0224803937458    1    0.00164318084717    0.0317099670634    
2.0677411767    1.01586086994    0.0315607030387    3    0.00463199615479    0.0317099670634    
2.00463645889    1.03927473429    0.0173941580657    10    0.0200080871582    0.0317099670634    
2.024423731    1.04881330263    0.0108822089879    13    0.0241050720215    0.0317099670634    
2.03945222917    1.04805850403    0.0180191365263    6    0.0086350440979    0.0317099670634    
2.02524762603    0.996824494099    0.0277937745005    5    0.00700902938843    0.0317099670634    
1.97846893666    1.00747006759    0.0227028558889    15    0.0208790302277    0.0317099670634    
2.03253393511    0.993455907602    0.0286453132052    1    0.0014979839325    0.0317099670634    
1.97963816575    1.01783671876    0.0301691945178    5    0.00695300102234    0.0317099670634    
2.00960794213    1.00911925122    0.0220013365972    4    0.00555419921875    0.0317099670634    
1.95383157797    1.02918441562    0.0137676521464    5    0.00929498672485    0.0317099670634    
1.95350515072    1.06161045179    0.0227891446278    6    0.0132539272308    0.0317099670634    
2.00548364703    1.01982730991    0.00729146786219    5    0.0110430717468    0.0317099670634    
1.96807510058    1.01814871741    0.0164695106414    4    0.00667405128479    0.0317099670634    
2.01374292845    1.03164512573    0.022995169011    6    0.00874614715576    0.0317099670634    
2.0124928887    1.00937203467    0.020166176332    4    0.00555300712585    0.0317099670634    
1.96874626116    1.02488756586    0.0216791213742    2    0.00290203094482    0.0317099670634    
2.00439593351    1.03265078683    0.0261241141225    5    0.00683999061584    0.0317099670634    
1.93595814656    1.02857787919    0.0234787279892    1    0.00154089927673    0.0317099670634    
2.04916701332    1.0109310976    0.016355804584    5    0.00687479972839    0.0317099670634    
1.97704910656    1.02977986509    0.0124201792128    6    0.00824213027954    0.0317099670634    
1.98840938746    1.02389542005    0.0132401239218    3    0.00415897369385    0.0317099670634    
1.98803907668    1.04026371412    0.0141540543976    3    0.0042839050293    0.0317099670634    
2.00931465658    1.01045016814    0.0234896326029    2    0.0040328502655    0.0317099670634    
1.96181499288    1.02272656024    0.0274396003693    2    0.00462317466736    0.0317099670634    
2.02338838458    0.985168709814    0.0196046138497    2    0.0046329498291    0.0317099670634    
1.9611675391    1.02508444655    0.0311573391112    1    0.00235605239868    0.0317099670634    
2.0135240156    1.01711949182    0.0062154380573    23    0.0432078838348    0.0317099670634    
1.99404780527    1.05881193179    0.0206378728938    1    0.00234508514404    0.0317099670634    
1.93850036959    0.996505099227    0.0312104038789    6    0.0126640796661    0.0317099670634    
1.99106762594    1.02413457573    0.0219019065429    3    0.00644707679749    0.0317099670634    
1.98567199107    1.00773525999    0.0122430079756    2    0.00577402114868    0.0317099670634    
2.0456283739    1.04370061945    0.0118455757886    3    0.00670194625854    0.0317099670634    
1.9728723292    1.03010238683    0.0221293124697    9    0.0173540115356    0.0317099670634    
2.01316697558    1.02403591967    0.0272748418338    1    0.00234603881836    0.0317099670634    
2.01727243587    1.02877081936    0.0057625724991    3    0.0065770149231    0.0317099670634    
2.0204133729    1.0316387816    0.0259304371025    10    0.0211260318756    0.0317099670634    
2.00450133538    1.05007100666    0.0296136397798    3    0.00641798973083    0.0317099670634    
2.06979245009    1.04785808467    0.00616356920009    1    0.00229382514954    0.0317099670634    
1.99932136025    1.05534497145    0.0252489947729    3    0.00641798973083    0.0317099670634    
2.00600083147    0.999396935233    0.0236280832669    1    0.00235199928284    0.0317099670634    
2.01997007112    1.03171052437    0.0239440140303    3    0.00521397590637    0.0317099670634    
1.96687528823    1.05534266258    0.0163331446654    1    0.0025041103363    0.0317099670634    
1.92645072657    1.03961105097    0.0169629730989    1    0.00243592262268    0.0317099670634    
1.97431931544    1.03574539101    0.0215398097268    1    0.00249004364014    0.0317099670634    
1.93990673856    1.07333783555    0.0314566629005    5    0.00757002830505    0.0317099670634    
2.06789560735    1.01013687615    0.0144554325902    1    0.00153803825378    0.0317099670634    
2.06461599672    1.01794406416    0.00836961790466    1    0.00153517723083    0.0317099670634    
2.00838386    0.971992782343    0.0252265048163    5    0.00700783729553    0.0317099670634    
2.01910732202    1.02888208181    0.0216742528024    8    0.0145909786224    0.0317099670634    
2.03275171932    1.05596702667    0.0071469517616    2    0.0044858455658    0.0317099670634    
1.98628032469    1.00388865805    0.0151902702759    3    0.00647902488708    0.0317099670634    
2.04523849858    1.03689141477    0.0232286372036    8    0.0167970657349    0.0317099670634    
2.02260501119    1.0612964565    0.0183777019819    3    0.00701594352722    0.0317099670634    
2.02682119412    1.03624841385    0.0283630380907    6    0.0128509998322    0.0317099670634    
1.98439817628    1.03830053264    0.0117315187733    1    0.00225901603699    0.0317099670634    
1.98811906012    1.0102897709    0.0265302549148    2    0.00295996665955    0.0317099670634    
2.00313633657    1.04073798619    0.0189194088236    2    0.00303912162781    0.0317099670634    
2.01049360587    1.02089803433    0.0201103116088    14    0.020289182663    0.0317099670634    
1.96025599992    1.0027577729    0.0279724943171    7    0.0106630325317    0.0317099670634    
2.07053754319    1.02986462568    0.0316134573892    5    0.0105550289154    0.0317099670634    
1.99325121448    1.02116395104    0.013626486949    4    0.00900411605835    0.0317099670634    
1.95430488959    1.01263895039    0.027231632394    13    0.0277419090271    0.0317099670634    
1.98832906625    1.0320371466    0.0316708329551    3    0.00648593902588    0.0317099670634    
2.02709666935    1.02569633351    0.0238971743363    2    0.00439286231995    0.0317099670634    
2.01708861152    1.05744683826    0.0277963794097    2    0.00449085235596    0.0317099670634    
1.97485354772    1.01298250332    0.0232768711796    2    0.00444006919861    0.0317099670634    
2.04564743871    1.05491378241    0.00342086999052    20    0.0425479412079    0.0317099670634    
2.00167820818    1.03212749751    0.0257768344464    8    0.0171859264374    0.0317099670634    
2.02575873518    1.02171477748    0.0209354541028    2    0.00503206253052    0.0317099670634    
2.01787985589    1.01072175639    0.0196905226052    3    0.007080078125    0.0317099670634    
2.01818938311    1.01778777631    0.0186102669865    3    0.00696182250977    0.0317099670634    
2.02690066661    1.03680037922    0.0228093353095    3    0.00683116912842    0.0317099670634    
