#Data for Red Spiral Sample in Masters et al. 2010 (Table A1).
#Columns are (1) SDSS objid, (2/3) RA/Dec in J2000 decimal degrees, (4) redshift, 
#(5/6) M_r and error, (7/8) (g-r) colour and error, (9) log(a/b), (10) fracdeV

      587731186741346415    1.218164   0.351724  0.0833  -21.26 0.01  0.695 0.020  0.040  0.144  0.42
      588015509270364319    2.277073   0.042422  0.0735  -21.75 0.01  0.701 0.021  0.036  0.143  0.46
      587731187279265981    3.718539   0.634254  0.0642  -21.15 0.01  0.756 0.039  0.103  0.042  0.00
      587731187279331410    3.771462   0.642945  0.0621  -21.50 0.01  0.662 0.017  0.002  0.179  0.32
      588015508734148754    3.789492  -0.366536  0.0661  -22.18 0.01  0.687 0.018  0.013  0.070  0.40
      587731185670357175    7.575823  -0.502254  0.0584  -20.67 0.02  0.691 0.026  0.048  0.197  0.00
      588015509275869189   14.833128   0.002560  0.0429  -20.51 0.01  0.657 0.020  0.017  0.132  0.26
      587724197741592622   16.809373  13.955119  0.0381  -22.28 0.00  1.273 0.017  0.597  0.160  0.30
      587731513679085646   17.739245   0.634239  0.0464  -22.03 0.00  0.710 0.015  0.040  0.081  0.37
      587724232104345725   18.278326  14.108052  0.0587  -21.87 0.00  0.691 0.016  0.024  0.039  0.21
      588015509277573202   18.734436   0.130684  0.0415  -21.56 0.00  0.707 0.015  0.046  0.170  0.47
      587724197208850562   26.437856  12.938540  0.0748  -22.38 0.00  0.730 0.017  0.052  0.134  0.47
      587731512072339593   26.618549  -0.473317  0.0832  -21.04 0.01  0.665 0.024  0.014  0.091  0.17
      587727232134348882   28.190829  -8.104688  0.0426  -22.49 0.00  0.689 0.015  0.010  0.061  0.28
      587731512078958736   41.725829  -0.565203  0.0420  -21.32 0.00  0.686 0.016  0.029  0.002  0.14
      588015508218380506   52.003964  -0.682583  0.0367  -20.69 0.00  0.651 0.017  0.007  0.153  0.38
      587738066188370152  111.834739  41.422458  0.0717  -21.75 0.01  0.690 0.020  0.025  0.197  0.24
      587738066727534662  114.455874  46.397648  0.0322  -21.62 0.00  0.782 0.016  0.120  0.145  0.32
      587732157387768243  116.356632  23.989672  0.0434  -21.36 0.00  0.676 0.016  0.019  0.133  0.42
      587735235805708760  117.396692  20.163634  0.0736  -21.83 0.01  0.680 0.018  0.014  0.137  0.44
      587732053235794483  118.423203  26.492690  0.0375  -21.84 0.00  0.692 0.016  0.025  0.116  0.37
      587738066730680704  119.595077  52.817897  0.0655  -20.77 0.01  0.709 0.020  0.064  0.144  0.25
      587728905026928970  119.903567  34.873975  0.0827  -22.17 0.01  0.676 0.022  0.003  0.107  0.44
      587725550658781221  121.514752  45.847808  0.0390  -21.41 0.01  0.687 0.017  0.029  0.160  0.38
      588007004696281213  121.527910  43.660467  0.0633  -21.08 0.01  0.700 0.027  0.048  0.194  0.32
      587737809570627771  122.580553  52.095025  0.0723  -22.04 0.01  0.736 0.017  0.066  0.192  0.49
      587739115773297008  122.802020  20.380360  0.0618  -21.56 0.01  0.689 0.016  0.028  0.096  0.46
      588016840707670038  123.312851  23.526614  0.0696  -21.46 0.01  0.682 0.022  0.022  0.139  0.42
      587739114699751533  123.728150  19.970733  0.0790  -22.49 0.01  0.690 0.018  0.010  0.060  0.48
      587731873388757267  124.970212  37.967695  0.0623  -21.62 0.01  0.667 0.016  0.004  0.100  0.45
      587737827288875214  125.027628  55.155839  0.0326  -20.33 0.01  0.755 0.017  0.118  0.177  0.33
      587741533303341371  125.207760  16.651181  0.0437  -21.15 0.01  0.660 0.017  0.007  0.094  0.36
      587731521739030760  125.402359  35.948066  0.0823  -22.28 0.01  0.717 0.018  0.041  0.190  0.48
      587741490890932685  125.750287  17.095640  0.0544  -21.31 0.01  0.673 0.016  0.017  0.047  0.43
      587738564943872434  125.836186   7.672273  0.0646  -21.94 0.00  0.670 0.016  0.001  0.011  0.31
      587731680652361849  126.440996  37.091631  0.0648  -21.17 0.01  0.698 0.020  0.045  0.149  0.16
      587737825678131439  126.572572  54.204603  0.0646  -22.34 0.01  0.726 0.017  0.049  0.094  0.41
      588297864712290662  127.496072  30.727827  0.0484  -21.75 0.00  0.729 0.016  0.064  0.062  0.40
      587728931339895020  127.716147  42.929098  0.0560  -21.27 0.01  0.681 0.018  0.025  0.161  0.27
      587741533304651822  128.062993  17.878170  0.0553  -21.28 0.01  0.859 0.024  0.203  0.088  0.46
      587725551199322263  128.722133  52.804308  0.0441  -21.11 0.00  0.694 0.016  0.041  0.097  0.35
      587732578296398167  129.308896   4.425800  0.0614  -21.48 0.01  0.682 0.016  0.022  0.163  0.45
      587725551199780967  129.804028  53.623519  0.0321  -22.10 0.00  0.686 0.015  0.014  0.118  0.32
      587738948273766582  129.953633  26.567410  0.0691  -20.39 0.07  0.819 0.126  0.181  0.034  0.46
      587732482730950934  130.016831  33.701968  0.0663  -21.70 0.01  0.671 0.017  0.007  0.163  0.22
      587725980690153569  130.058218  54.162416  0.0825  -22.15 0.01  0.740 0.020  0.067  0.064  0.44
      587735240100348141  130.226731  29.329247  0.0793  -22.58 0.00  0.702 0.016  0.021  0.147  0.37
      587739377770954768  131.718628  23.617575  0.0845  -21.62 0.02  0.668 0.028  0.005  0.091  0.13
      587726032764403983  131.950822   1.534473  0.0630  -22.08 0.01  0.749 0.018  0.078  0.156  0.25
      588848900428595394  132.190112   0.291515  0.0530  -21.81 0.01  0.694 0.018  0.027  0.027  0.46
      587744874790256646  132.663212  12.875418  0.0598  -21.68 0.01  0.678 0.017  0.014  0.037  0.39
      588009368545198201  132.887404  51.193326  0.0742  -21.78 0.01  0.691 0.017  0.025  0.164  0.35
      587735347479314683  133.620558   8.745679  0.0642  -21.46 0.01  0.832 0.017  0.173  0.143  0.44
      587741391568240914  134.126409  22.059378  0.0836  -21.32 0.01  0.731 0.021  0.075  0.119  0.33
      587732469852799112  134.266934  36.035249  0.0662  -21.96 0.01  0.683 0.017  0.013  0.034  0.48
      587732154176372878  136.221280  39.354516  0.0593  -20.93 0.01  0.656 0.017  0.007  0.185  0.42
      587739375625568379  137.342933  24.245392  0.0386  -21.61 0.00  0.693 0.016  0.031  0.138  0.47
      587739114706043091  137.424330  27.069729  0.0686  -21.83 0.00  0.724 0.016  0.057  0.116  0.48
      587741390496202911  138.345123  22.865817  0.0365  -21.34 0.01  0.732 0.017  0.075  0.109  0.00
      588023045867176138  138.580033  19.033917  0.0517  -21.51 0.00  0.675 0.015  0.015  0.126  0.18
      587725551203057809  139.349037  59.051999  0.0848  -21.96 0.01  0.671 0.018  0.002  0.159  0.34
      587735349093335241  141.161472  11.441250  0.0525  -20.26 0.01  0.639 0.023  0.004  0.097  0.00
      587741390497841370  142.181853  24.199878  0.0580  -21.08 0.01  0.660 0.020  0.009  0.033  0.04
      587732702321311882  142.540657   5.477183  0.0374  -21.24 0.00  0.675 0.015  0.020  0.147  0.20
      587742013803659434  143.504613  17.224438  0.0784  -21.36 0.01  0.660 0.018  0.002  0.010  0.30
      587741490898796764  143.521610  23.937202  0.0836  -22.67 0.01  0.684 0.020  0.000  0.066  0.25
      588017977804259401  143.554078  31.278596  0.0774  -21.69 0.01  0.688 0.018  0.024  0.138  0.27
      587742013804052654  144.501057  17.415244  0.0527  -21.51 0.01  0.676 0.020  0.016  0.146  0.20
      588007005242392752  145.290610  59.140765  0.0744  -21.56 0.01  0.680 0.021  0.018  0.199  0.41
      588297863646150812  145.768403  39.597592  0.0398  -20.60 0.01  0.737 0.017  0.095  0.185  0.30
      587732578303672498  145.926189   5.898576  0.0849  -21.06 0.01  0.683 0.022  0.032  0.148  0.48
      587731499182850168  145.984403  49.841702  0.0751  -22.19 0.01  0.675 0.017  0.001  0.062  0.11
      587738947206774877  146.035096  33.082912  0.0835  -22.06 0.01  0.682 0.017  0.011  0.172  0.47
      587735044693622918  146.242885  38.953143  0.0393  -21.73 0.00  0.674 0.015  0.009  0.109  0.45
      587742061057015925  146.369333  17.659902  0.0750  -20.93 0.02  0.652 0.025  0.004  0.194  0.47
      587738409787130038  147.115539  11.452724  0.0541  -21.30 0.01  0.677 0.016  0.021  0.083  0.37
      587731869088088277  147.641967  48.485161  0.0467  -21.88 0.00  0.678 0.016  0.011  0.195  0.44
      587738410861264986  147.865891  12.403437  0.0538  -21.50 0.00  0.668 0.015  0.008  0.136  0.40
      587734622176215206  149.307106  41.104564  0.0413  -21.20 0.00  0.676 0.015  0.022  0.050  0.37
      587734862681342100  149.577881   7.970491  0.0757  -21.41 0.01  0.663 0.019  0.005  0.066  0.23
      587735239571472451  149.579574  38.120201  0.0549  -21.41 0.01  0.687 0.029  0.029  0.111  0.11
      587732484886757471  149.745294  45.493135  0.0707  -22.42 0.02  0.681 0.024  0.003  0.186  0.04
      587731500795363507  151.189492  53.114047  0.0474  -21.03 0.01  0.735 0.016  0.085  0.196  0.42
      587741708336758932  151.908574  22.982236  0.0418  -20.90 0.00  0.685 0.015  0.037  0.192  0.18
      587731498648076393  153.021010  51.853391  0.0417  -20.66 0.01  0.655 0.017  0.012  0.054  0.48
      587742015418794133  153.960399  20.650776  0.0537  -22.48 0.00  0.698 0.015  0.019  0.162  0.47
      587734949666881571  155.208165  11.372182  0.0321  -21.05 0.00  0.657 0.015  0.006  0.170  0.48
      587738410327801941  155.847345  13.055991  0.0314  -20.98 0.00  0.664 0.015  0.014  0.050  0.11
      587734950204407811  156.650423  12.040198  0.0313  -21.35 0.00  0.661 0.015  0.004  0.000  0.33
      587732772118134870  156.757300   9.379901  0.0455  -20.74 0.01  0.702 0.018  0.057  0.117  0.48
      588013382199279737  156.805647  48.244772  0.0610  -22.55 0.00  0.760 0.015  0.079  0.078  0.49
      588009371222016177  157.020481  59.081485  0.0731  -22.15 0.02  0.679 0.025  0.006  0.041  0.48
      587735663162818731  157.813614  40.191189  0.0683  -22.16 0.01  0.680 0.017  0.006  0.191  0.25
      587733079195123879  157.983261  50.684983  0.0635  -21.89 0.00  0.693 0.017  0.025  0.014  0.44
      587732581516574881  158.201280  56.595758  0.0469  -21.29 0.00  0.685 0.016  0.029  0.123  0.32
      588016892787425531  158.742543  40.210318  0.0785  -22.32 0.00  0.688 0.016  0.012  0.093  0.33
      587728309098184843  158.954488   2.470869  0.0386  -20.82 0.00  0.683 0.016  0.037  0.123  0.30
      588848900977721477  160.143689   0.817410  0.0658  -22.69 0.00  0.750 0.015  0.066  0.149  0.35
      587739406236188881  160.344389  31.780690  0.0349  -20.55 0.00  0.664 0.016  0.023  0.025  0.45
      587735349101789194  160.682324  14.305196  0.0834  -20.42 0.05  0.748 0.082  0.110  0.075  0.29
      587735662626930820  160.792137  40.394274  0.0561  -21.37 0.01  0.680 0.019  0.022  0.074  0.20
      587738409793355943  161.544081  13.291803  0.0348  -21.39 0.00  0.663 0.015  0.006  0.107  0.29
      588017977274531973  162.268574  36.641559  0.0410  -20.83 0.00  0.697 0.016  0.050  0.138  0.46
      588017626685177956  162.679823  42.783282  0.0749  -20.79 0.01  0.650 0.020  0.004  0.083  0.21
      587741708341280890  162.947611  25.132197  0.0448  -21.44 0.00  0.695 0.015  0.036  0.064  0.31
      587728949053358227  163.200379   0.187246  0.0582  -21.54 0.00  0.687 0.016  0.026  0.186  0.25
      587732581517885629  163.354027  57.533739  0.0731  -20.98 0.01  0.713 0.019  0.063  0.046  0.36
      587741534393401402  163.500135  29.427147  0.0520  -21.58 0.00  0.685 0.015  0.023  0.198  0.00
      588013384348991587  163.521025  51.500424  0.0658  -21.77 0.00  0.691 0.016  0.025  0.161  0.46
      587738618097434750  164.086115  36.678631  0.0826  -22.70 0.01  0.709 0.017  0.025  0.118  0.48
      587732579385475145  164.461374   8.043943  0.0504  -22.36 0.00  0.680 0.015  0.003  0.050  0.46
      587732772121739456  165.110743   9.953014  0.0342  -20.64 0.00  0.653 0.016  0.010  0.091  0.26
      587741531709636700  165.481577  27.632586  0.0729  -21.16 0.01  0.674 0.023  0.020  0.163  0.34
      588297865263906874  166.045053  46.594951  0.0796  -21.89 0.01  0.693 0.017  0.025  0.029  0.24
      587739648355270790  166.114952  31.748787  0.0746  -22.27 0.00  0.718 0.016  0.042  0.185  0.43
      587741600950976602  166.214898  25.468044  0.0395  -21.33 0.00  0.674 0.015  0.017  0.049  0.38
      587739609694339095  166.543419  31.616296  0.0467  -21.53 0.02  0.714 0.035  0.053  0.127  0.00
      587731501336494207  166.777319  57.070559  0.0478  -21.55 0.00  0.667 0.015  0.006  0.199  0.40
      588017604141842498  167.154391  43.004239  0.0499  -21.07 0.01  0.684 0.016  0.033  0.163  0.00
      588017604141908100  167.382443  43.073097  0.0617  -21.25 0.01  0.689 0.018  0.034  0.037  0.42
      587732582055870638  167.648770  58.768279  0.0460  -21.70 0.00  0.669 0.015  0.005  0.090  0.19
      587728310175727752  167.716285   3.532828  0.0401  -20.41 0.01  0.645 0.018  0.007  0.113  0.00
      587733080271880288  168.117407  53.524569  0.0463  -21.05 0.01  0.664 0.016  0.013  0.084  0.49
      587741488761274453  168.436485  27.867497  0.0312  -20.45 0.00  0.670 0.016  0.031  0.055  0.15
      587742774553936029  168.724377  16.849696  0.0548  -20.21 0.01  0.651 0.025  0.017  0.139  0.00
      587731889501634624  168.871316  55.456230  0.0347  -21.67 0.00  0.691 0.015  0.027  0.188  0.42
      588011097799262262  169.748527  61.593919  0.0543  -22.14 0.00  0.683 0.015  0.010  0.101  0.34
      587731869631578127  169.968855  54.462855  0.0407  -22.03 0.01  0.701 0.019  0.030  0.057  0.46
      587739407313862697  170.560271  34.282439  0.0345  -20.40 0.01  0.652 0.019  0.014  0.115  0.20
      587741708881231897  170.636123  26.652100  0.0602  -21.57 0.04  0.779 0.309  0.117  0.100  0.46
      587738948289822830  171.218890  39.827924  0.0760  -21.53 0.00  0.676 0.016  0.015  0.122  0.43
      587725041161994328  171.607810  -1.878002  0.0394  -21.22 0.01  0.658 0.016  0.003  0.123  0.20
      587741602564014184  172.160839  27.397014  0.0320  -21.51 0.00  0.675 0.015  0.015  0.056  0.47
      587738409798402242  173.358008  14.271902  0.0793  -21.80 0.01  0.694 0.019  0.028  0.182  0.44
      588017627762458671  173.490044  45.266563  0.0334  -21.33 0.00  0.774 0.015  0.117  0.166  0.47
      587741709419348082  173.726435  27.417422  0.0531  -21.75 0.00  0.691 0.015  0.026  0.183  0.34
      587725550673854593  174.846238  66.353998  0.0429  -21.73 0.00  0.713 0.015  0.048  0.192  0.17
      587742190975058044  175.188878  25.100851  0.0496  -20.56 0.01  0.665 0.019  0.024  0.148  0.29
      587734894361706638  175.247644  11.086583  0.0343  -20.53 0.01  0.680 0.017  0.040  0.115  0.34
      587739648358875236  175.720169  32.856740  0.0667  -21.92 0.00  0.683 0.016  0.014  0.164  0.44
      588017703465713722  176.107305  12.175879  0.0624  -22.10 0.01  0.715 0.018  0.043  0.096  0.39
      587741491448709306  176.264372  30.625312  0.0591  -21.11 0.01  0.677 0.018  0.025  0.094  0.38
      587739406242218013  176.472715  34.005272  0.0633  -21.73 0.00  0.722 0.017  0.057  0.009  0.26
      587731870170153144  176.722766  55.387774  0.0505  -21.40 0.00  0.659 0.016  0.001  0.144  0.28
      588017566023352516  177.324341  12.113418  0.0832  -21.95 0.01  0.698 0.018  0.029  0.160  0.47
      587741707810242651  177.688272  26.406830  0.0706  -21.81 0.01  0.686 0.018  0.019  0.199  0.47
      587738948292182099  178.203898  40.600438  0.0849  -22.48 0.00  0.686 0.016  0.006  0.085  0.33
      587733080275026041  180.301081  54.660890  0.0507  -21.05 0.00  0.727 0.016  0.075  0.135  0.32
      587741533326147689  180.691726  30.235674  0.0516  -21.63 0.00  0.693 0.015  0.030  0.193  0.40
      588017111831871649  180.915308  48.029146  0.0643  -22.26 0.01  0.725 0.018  0.049  0.167  0.27
      588017109684715638  182.006669  46.372764  0.0650  -20.80 0.01  0.703 0.021  0.057  0.097  0.37
      587739505005887673  182.551263  32.027027  0.0597  -22.35 0.00  0.686 0.015  0.009  0.097  0.46
      588017979429159036  182.762285  40.475089  0.0372  -21.09 0.01  0.680 0.023  0.028  0.186  0.42
      587729387152605242  182.902069  60.062608  0.0631  -20.26 0.03  0.830 0.056  0.195  0.009  0.00
      587732136996765809  184.343557  53.556526  0.0506  -22.20 0.00  0.685 0.015  0.011  0.194  0.48
      588017565490806943  187.386291  11.681265  0.0795  -20.82 0.01  0.664 0.028  0.017  0.096  0.28
      588013383282065588  189.008737  52.550053  0.0653  -21.32 0.01  0.951 0.017  0.294  0.106  0.49
      587738568705507359  189.644677  14.352422  0.0306  -20.82 0.02  0.662 0.027  0.016  0.104  0.39
      588017977284296740  190.462231  38.679879  0.0817  -20.40 0.04  1.076 0.104  0.438  0.009  0.16
      587724650335568060  190.985233  -1.769931  0.0482  -20.30 0.01  0.695 0.021  0.059  0.014  0.40
      587735431226261616  192.128069  50.831857  0.0487  -21.78 0.00  0.670 0.015  0.005  0.032  0.32
      587724650336157908  192.324684  -1.694612  0.0831  -20.91 0.01  0.716 0.026  0.068  0.110  0.19
      588848899918659787  193.724055  -0.182923  0.0832  -20.93 0.01  0.683 0.026  0.034  0.051  0.36
      588017977285541986  193.978550  38.486464  0.0784  -21.94 0.01  0.682 0.020  0.013  0.136  0.50
      588017979970158797  195.218996  40.584567  0.0351  -21.67 0.00  0.736 0.015  0.073  0.124  0.36
      587726033865932864  195.542269   3.433536  0.0715  -22.35 0.01  0.719 0.018  0.042  0.043  0.46
      588848900993253453  195.681381   0.663839  0.0407  -21.58 0.01  0.668 0.019  0.006  0.044  0.41
      588017977286131833  195.774263  38.314470  0.0443  -21.66 0.00  0.673 0.015  0.010  0.086  0.49
      587729158967001174  196.009675   4.869542  0.0637  -21.94 0.00  0.710 0.015  0.041  0.173  0.43
      587725551214461071  196.422634  66.684467  0.0790  -21.55 0.01  0.680 0.020  0.019  0.148  0.19
      587739506085331100  197.904595  32.059455  0.0609  -21.93 0.00  0.669 0.016  0.000  0.158  0.40
      588011217523310723  198.308511  61.048363  0.0429  -21.10 0.00  0.659 0.015  0.007  0.097  0.45
      587739303148257430  198.620132  33.685924  0.0374  -20.33 0.01  0.728 0.021  0.091  0.072  0.01
      588017977287180375  198.712596  38.037763  0.0444  -21.87 0.00  0.683 0.015  0.015  0.064  0.26
      588017721186517076  199.107919  41.807167  0.0742  -22.02 0.01  0.681 0.017  0.011  0.170  0.50
      588017720649777281  199.391184  41.296844  0.0671  -20.92 0.01  0.665 0.019  0.017  0.139  0.13
      587722982822379684  199.498231  -0.295337  0.0335  -20.61 0.00  0.795 0.017  0.153  0.019  0.48
      587739303685456020  199.662936  33.992552  0.0826  -21.46 0.01  0.675 0.018  0.016  0.141  0.36
      587741601501151267  200.098038  26.309220  0.0684  -22.41 0.00  0.697 0.016  0.019  0.007  0.50
      587739708477538493  200.457075  29.825223  0.0717  -20.85 0.01  0.700 0.020  0.053  0.186  0.28
      587739405714194457  200.668306  32.889663  0.0359  -21.23 0.04  0.692 0.041  0.038  0.169  0.46
      587739303149305957  201.499342  33.374321  0.0631  -21.64 0.00  0.663 0.016  0.000  0.052  0.34
      587739720293613620  202.058311  28.669267  0.0374  -21.03 0.08  0.675 0.103  0.024  0.110  0.31
      588848900459462780  202.630791   0.216321  0.0843  -22.13 0.01  0.679 0.019  0.007  0.085  0.43
      587738572997918947  203.174920  38.125847  0.0586  -21.23 0.01  0.666 0.016  0.011  0.115  0.17
      587738569785147594  203.671001  14.600233  0.0789  -21.81 0.01  0.687 0.018  0.021  0.114  0.50
      587736542013685926  204.629475   9.030627  0.0784  -21.93 0.01  0.728 0.017  0.059  0.181  0.44
      587739504477470832  204.888963  29.997083  0.0344  -21.34 0.00  0.800 0.019  0.143  0.090  0.43
      587736809911353438  205.702006  14.931540  0.0780  -22.23 0.00  0.729 0.017  0.055  0.085  0.43
      588011218061820039  205.908933  60.577315  0.0729  -21.11 0.01  0.690 0.019  0.038  0.179  0.43
      587739607561666674  206.021907  29.556117  0.0515  -20.70 0.01  0.672 0.019  0.028  0.121  0.13
      587736478659969190  206.287790  12.205598  0.0606  -21.92 0.01  0.703 0.017  0.035  0.194  0.48
      587735696449011832  206.511585  55.715390  0.0400  -22.06 0.01  0.683 0.017  0.012  0.161  0.45
      588017627236073618  207.121277  43.309798  0.0573  -21.78 0.01  0.734 0.019  0.068  0.194  0.46
      587729159508852867  207.471838   4.891465  0.0785  -22.44 0.00  0.688 0.016  0.009  0.089  0.09
      587739505015849037  209.037554  29.671213  0.0400  -21.61 0.00  0.675 0.016  0.012  0.121  0.37
      587722983363445035  209.193535   0.038658  0.0797  -21.85 0.01  0.682 0.021  0.015  0.138  0.38
      587725817491816650  210.105482  65.218283  0.0677  -22.49 0.00  0.739 0.016  0.060  0.193  0.46
      587726033872355440  210.136474   3.241565  0.0773  -21.95 0.01  0.675 0.018  0.006  0.159  0.16
      587736525908279484  210.695686   7.436547  0.0808  -22.15 0.01  0.729 0.018  0.056  0.135  0.45
      587739827663077572  210.734657  24.811527  0.0655  -21.79 0.00  0.697 0.016  0.032  0.023  0.50
      587735429084610726  211.322883  46.145669  0.0664  -22.13 0.01  0.685 0.016  0.012  0.189  0.43
      587735664769040533  211.948595  53.370464  0.0832  -22.32 0.01  0.702 0.017  0.026  0.112  0.40
      587739809412743329  212.587433  23.772863  0.0565  -21.37 0.00  0.668 0.017  0.010  0.137  0.47
      587739706335035506  212.670223  26.115978  0.0701  -21.65 0.01  0.822 0.018  0.158  0.088  0.45
      587739707408908491  213.290138  26.803206  0.0543  -21.33 0.00  0.708 0.017  0.052  0.160  0.48
      588017713123754109  213.787195  49.387365  0.0718  -20.93 0.01  0.658 0.019  0.009  0.075  0.31
      587726100409811069  213.827160   3.596409  0.0550  -20.83 0.01  0.700 0.020  0.053  0.172  0.18
      588017626701693084  214.208437  41.306439  0.0685  -21.49 0.01  0.675 0.017  0.015  0.147  0.41
      587736541481009456  214.308698   7.940243  0.0569  -21.61 0.00  0.672 0.016  0.010  0.196  0.49
      587733603182116871  214.446764  55.516289  0.0738  -22.19 0.01  0.755 0.021  0.081  0.075  0.39
      587736541481140497  214.658393   8.004667  0.0586  -21.00 0.01  0.661 0.018  0.011  0.108  0.25
      587739809414054034  215.760529  23.152916  0.0728  -21.37 0.01  0.687 0.022  0.030  0.047  0.36
      587736942518927491  216.043183  36.575997  0.0770  -21.19 0.01  0.688 0.022  0.034  0.111  0.46
      588017979977564335  216.291688  36.541006  0.0487  -21.41 0.01  0.668 0.017  0.010  0.159  0.28
      587739812098539583  216.576305  25.010553  0.0373  -21.56 0.00  0.672 0.015  0.011  0.139  0.50
      588017712051060880  216.579889  47.566043  0.0706  -21.53 0.01  0.739 0.019  0.079  0.152  0.40
      587730022790463709  216.992602   6.565571  0.0572  -21.59 0.00  0.672 0.016  0.011  0.166  0.45
      587728918448046134  217.248079  60.833500  0.0518  -22.01 0.01  0.753 0.019  0.083  0.158  0.48
      587736808842592381  217.300697  12.860888  0.0793  -23.29 0.00  0.778 0.015  0.082  0.148  0.50
      587735667454640177  217.734533  54.052117  0.0429  -20.96 0.03  0.736 0.036  0.087  0.169  0.11
      587732483833659538  218.931409  44.996146  0.0804  -22.37 0.01  0.680 0.017  0.002  0.049  0.44
      587729157903351980  219.160483   3.193458  0.0428  -21.45 0.00  0.670 0.016  0.011  0.175  0.15
      587736478666129575  220.470864  10.748590  0.0508  -21.58 0.00  0.672 0.016  0.011  0.060  0.12
      587726032266330203  220.704994   1.703843  0.0781  -21.96 0.01  0.679 0.019  0.010  0.166  0.40
      587726015086854328  220.955469   1.925997  0.0786  -23.22 0.00  0.725 0.017  0.030  0.171  0.27
      587739382062448862  221.214985  30.247708  0.0599  -22.33 0.00  0.692 0.015  0.016  0.109  0.42
      588017703485440177  222.001241   9.917935  0.0506  -22.00 0.00  0.700 0.016  0.030  0.076  0.42
      587735696990208135  222.255577  51.975983  0.0451  -21.43 0.00  0.679 0.015  0.021  0.043  0.47
      587733605331763420  223.452661  54.506917  0.0367  -20.70 0.00  0.649 0.016  0.005  0.187  0.36
      588017947755151482  224.237933  34.824647  0.0781  -22.44 0.00  0.750 0.016  0.071  0.077  0.47
      587726100951662762  225.217727   3.458327  0.0632  -21.40 0.03  0.678 0.060  0.020  0.094  0.22
      587739630096023592  225.526502  25.601504  0.0328  -21.40 0.00  0.677 0.015  0.019  0.093  0.47
      587736543096734014  226.196792   8.171187  0.0315  -21.75 0.00  0.679 0.016  0.014  0.171  0.26
      588017949366288528  226.197981  35.366623  0.0485  -21.06 0.01  0.668 0.017  0.017  0.053  0.49
      588017978371670304  227.668541  31.236286  0.0830  -22.54 0.00  0.763 0.016  0.082  0.154  0.47
      587726015089868893  227.844068   1.716202  0.0381  -20.68 0.01  0.691 0.018  0.047  0.136  0.40
      587733605334253780  231.257596  51.178736  0.0745  -21.54 0.01  0.661 0.019  0.000  0.062  0.47
      587729158445859185  232.061219   2.876794  0.0387  -20.85 0.00  0.658 0.016  0.012  0.160  0.10
      588017977836765495  232.161778  28.987123  0.0672  -20.37 0.01  0.646 0.021  0.009  0.193  0.25
      587739809958134089  232.781461  18.620893  0.0539  -21.34 0.00  0.691 0.017  0.034  0.101  0.20
      587735666386469024  233.733578  46.440778  0.0655  -21.40 0.01  0.665 0.018  0.007  0.151  0.48
      587733608547811542  233.741458  48.327690  0.0742  -21.37 0.01  0.736 0.021  0.079  0.182  0.30
      587736942526136608  233.920840  29.600103  0.0827  -22.28 0.00  0.690 0.017  0.015  0.153  0.47
      587736620395659399  234.485798  31.499406  0.0534  -20.81 0.01  0.658 0.022  0.012  0.194  0.07
      587736898497806404  235.263900  32.226681  0.0509  -21.77 0.00  0.669 0.015  0.004  0.100  0.20
      587739406265024828  235.430694  23.203702  0.0346  -21.15 0.00  0.674 0.015  0.021  0.198  0.39
      588017978911817806  235.479739  28.122581  0.0322  -20.35 0.00  0.698 0.015  0.061  0.125  0.27
      588007004726362226  237.065901  52.809843  0.0521  -20.52 0.01  9.948 0.580  9.307  0.067  0.28
      587729229298139372  237.670593  57.009389  0.0461  -21.14 0.00  0.702 0.016  0.049  0.169  0.35
      587736753540366555  238.369573  36.185880  0.0694  -22.06 0.00  0.677 0.016  0.005  0.087  0.30
      587735743152193724  238.587755  32.919013  0.0608  -21.43 0.01  0.689 0.019  0.030  0.147  0.32
      587733441049133324  239.476572  41.937162  0.0349  -21.66 0.00  0.667 0.016  0.004  0.187  0.45
      587736941992542616  241.012484  25.497061  0.0723  -21.82 0.01  0.691 0.018  0.024  0.023  0.47
      587736783606382788  241.190033  34.619926  0.0321  -21.54 0.01  0.667 0.018  0.006  0.104  0.44
      587739720310325454  241.670374  17.191800  0.0398  -21.87 0.00  0.671 0.015  0.004  0.160  0.41
      587736584976007509  242.251620  26.013076  0.0651  -22.01 0.00  0.671 0.016  0.001  0.151  0.43
      588018055123763465  242.327083  34.505029  0.0589  -22.45 0.00  0.762 0.015  0.083  0.162  0.26
      587729409148256445  242.755056  49.795393  0.0424  -22.41 0.00  0.705 0.015  0.027  0.141  0.46
      587725818037731481  242.855082  52.757434  0.0633  -21.91 0.00  0.681 0.016  0.012  0.074  0.30
      588018090545250388  242.999992  30.047726  0.0482  -20.60 0.01  0.874 0.027  0.231  0.047  0.00
      587735744227836230  243.243783  30.894220  0.0467  -20.60 0.08  0.863 0.093  0.221  0.017  0.03
      587736941993984359  244.028753  23.833285  0.0666  -21.66 0.00  0.666 0.016  0.003  0.118  0.20
      587733397573009582  244.830349  34.541210  0.0331  -21.44 0.00  0.681 0.015  0.022  0.041  0.31
      587736619327226083  245.408507  24.123521  0.0380  -20.81 0.01  0.650 0.016  0.003  0.116  0.06
      587733603730522222  245.866916  39.191412  0.0300  -20.88 0.00  0.660 0.015  0.012  0.027  0.39
      587736618790945028  246.257514  23.067591  0.0604  -22.12 0.00  0.696 0.016  0.024  0.102  0.46
      588018090547216623  246.967316  27.226566  0.0774  -21.55 0.01  0.676 0.019  0.015  0.188  0.45
      587739828752417259  247.020196  14.210246  0.0504  -20.38 0.01  0.650 0.020  0.012  0.161  0.34
      588018089473868247  247.264964  26.089894  0.0701  -22.35 0.00  0.678 0.016  0.001  0.084  0.11
      587736619864949234  247.433573  23.352887  0.0372  -21.51 0.00  0.707 0.015  0.047  0.152  0.41
      587739828215873723  247.575530  13.642096  0.0500  -21.23 0.01  0.662 0.018  0.007  0.163  0.49
      587735665856086198  247.608815  35.786273  0.0547  -20.72 0.09  0.909 0.157  0.265  0.179  0.00
      587729233052172362  249.442789  46.974998  0.0615  -21.75 0.05  0.706 0.071  0.041  0.073  0.49
      588007005269065857  250.064726  42.690034  0.0600  -22.07 0.00  0.693 0.025  0.022  0.161  0.43
      587735665859035454  252.695833  30.692492  0.0461  -21.19 0.00  0.655 0.016  0.002  0.174  0.31
      587735743159599677  253.258678  22.008726  0.0818  -21.87 0.02  0.685 0.027  0.018  0.114  0.35
      587725491059687609  253.428934  64.085255  0.0415  -21.26 0.94  0.663 1.293  0.008  0.054  0.29
      587733398114402640  253.462964  27.121462  0.0677  -21.13 0.03  0.679 0.047  0.027  0.044  0.24
      587736782539588091  253.794119  23.028049  0.0344  -21.30 0.00  0.660 0.015  0.004  0.042  0.50
      587725490525503670  257.513686  58.271980  0.0792  -21.04 0.01  0.704 0.022  0.053  0.154  0.34
      587729652354777743  257.949082  28.324270  0.0423  -21.83 0.00  0.688 0.015  0.021  0.181  0.40
      587725590921937245  264.230044  57.462194  0.0701  -21.71 0.01  0.677 0.017  0.012  0.076  0.35
      587726878337925560  315.862277  -6.613737  0.0640  -21.05 0.01  0.682 0.023  0.031  0.179  0.16
      587730772799914495  324.910235  10.356149  0.0340  -20.21 0.01  0.675 0.019  0.040  0.068  0.21
      587731186726600793  327.593925   0.384737  0.0624  -21.64 0.01  0.672 0.018  0.009  0.064  0.41
      587726878880104818  328.152301  -7.702676  0.0350  -21.00 0.00  0.694 0.016  0.045  0.108  0.47
      587726879417565454  329.499407  -7.463755  0.0579  -21.93 0.00  0.671 0.016  0.003  0.074  0.41
      587726877271457997  332.460790  -9.410732  0.0705  -21.36 0.01  0.680 0.022  0.023  0.164  0.09
      587734303805210835  335.931708  -0.728666  0.0498  -21.39 0.00  0.689 0.016  0.031  0.121  0.05
      587726877274210457  338.781733  -9.915854  0.0624  -21.38 0.01  0.693 0.024  0.035  0.070  0.28
      587730815752470643  339.676752 -10.209013  0.0630  -21.57 0.01  0.688 0.023  0.027  0.072  0.40
      587730773345632590  345.335146  13.528884  0.0817  -20.92 0.02  0.694 0.043  0.046  0.195  0.37
      587727223557456064  351.529386  15.778589  0.0417  -21.07 0.01  0.667 0.017  0.016  0.158  0.00
